73329241
73329284
73329404
73329622
73330348
73330349
73330501
73330855
73331041
73799755
73799860
73802266
73802620
73802691
73802698
74198801
74840240
74842478
74844126
75112144
76096322
78605061
78797836
79063354
79424011
79430865
81210923
81677867
81721896
81934659
84885574
87900725
89603501
90983408
91689834
94571049
94698646
97449630
97874710
100577843
101666353
107923803
110916650
111739892
118290367
119843495
119846550
120315179
121493640
121493675
121809318
124686671
124960485
129446159
129554871
130273591
132125271
133975014
135057227
135061239
135067274
136605426
136697472
137229407
137699414
140685432
141016660
151451644
152016440
152022135
152024419
152564324
152788201
156966105
158004641
160075139
160942632
169078375
172243529
173201907
179489543
182735523
185237578
185888113
187624695
189330872
191303933
191636169
192647956
192740136
193181775
194167775
197259177
201598403
202256394
203999134
204572700
207201853
210065679
210163911
210217437
210820447
210903888
212382281
214759047
216013968
216296032
216793682
217204916
217840927
218848415
219721416
220096150
250604783
250605034
251299460
251470441
252800456
256293729
256945396
257042117
257441540
258740374
259666873
259716343
260537420
260626837
261059112
261059123
261548701
261735167
262422404
263170419
264739047
265307784
266084749
266326409
266386337
267080155
268213039
268481782
268800565
269308392
270189369
270200907
270907475
271088564
271127668
271885672
272018688
272731921
272960227
273148505
273149718
273181326
273450951
273715119
273766776
275458204
275699983
275916349
276268226
277518737
278128007
278131039
278172455
278974813
279020839
280208841
280235645
280789489
280835954
280935135
281458653
281766283
281957255
282032065
283072434
283307599
283605519
283916558
286020710
288425495
289338154
289988551
290631774
290803395
290871714
291576127
291792027
292403684
293704041
295833491
295908830
296762605
299826841
301402139
301774100
301924660
302860856
302869307
303492600
303672420
305721365
306454334
307374018
311018173
312014249
314115782
314461026
315114957
315592694
316045799
316420391
318345767
320780421
320954754
323145903
323506039
324023526
325058186
325348341
325511728
325519054
325697578
325757845
325945259
327449279
327466681
327760868
328064082
328074695
328076847
330446233
330586573
331124308
331155720
331749062
332164161
332516054
333016788
333142802
333208305
334390941
334648685
335246945
335549005
336682714
336862816
336934080
337266567
337361397
339853848
339986758
340221970
340477282
340703550
340827993
340890175
342927791
345377948
346459024
346500040
348650936
348655557
348690336
348852826
349354274
349792435
350580455
352025230
352660924
354127316
354947346
355547040
358856298
361242548
366931951
367961148
368403941
370801678
371045355
371750376
372257397
372398132
373596600
377129577
377629300
377663279
380227706
380227709
380228279
380228310
380228317
380228567
380231164
380678743
380678853
380691194
381347188
381467481
381703360
381703598
381703639
384556950
385427377
386173067
390164336
390165181
390908563
391277967
391294393
393854632
394172161
394958297
395738416
396419953
396420363
396420400
396420858
396737953
396900791
396901540
396903391
398500515
399483129
399998714
400445327
400612102
401533807
402440286
405271228
405561057
405762181
408248293
409287913
409864563
410937196
411449225
411665520
412151541
414414318
415983183
417048214
417376204
417402222
418533452
418804809
418877476
420790840
421339518
421476762
422037667
422268706
422332846
423973017
424060143
425200415
425414426
425427864
425546794
425659636
426205817
426502373
427011389
427355829
427816377
427845088
427887171
428846279
429768470
431497094
431557464
432267097
432833269
433015377
433131291
433829191
434538178
435023022
435571316
436133392
436571427
436624396
438700150
439798037
441028270
442579341
443149184
443658903
444087516
444432471
444729856
446611090
446660474
447842454
448795390
451295014
453224731
454032613
457300409
457618530
457748449
458189253
461590546
462290951
463290655
463678271
463700741
463700760
463701000
463701224
463701671
464156500
466237147
466365255
467569989
468163621
469008348
469821755
470622782
470623037
470623173
470623175
470623747
470623801
470623803
470624027
471589713
471733935
471920226
474208361
474762601
476856034
477435821
478005708
478840375
478858344
480486345
480528933
481026239
486224882
487237857
489369498
490506026
491945086
493253759
494450563
495956024
496337172
497132841
497735695
498016458
498487437
499883130
500189078
500483656
500565620
500606381
502294351
502854960
505252252
505824976
506779862
507835405
507888150
507888156
508319928
509073189
510098639
510327102
510761000
513265306
513367539
514188142
514966120
518726837
519645492
520831548
521780589
521811037
522458761
523651655
523791923
523996362
525300156
527234700
527237888
527328503
527579475
530932838
530971441
531304058
535123399
535203893
535526289
535656360
537441672
539930693
541420758
541446017
544332970
544473518
545045867
545542509
546058796
546631310
547657813
549899114
550882585
551719271
552247654
555682260
556373664
558509322
560296994
560923828
562595266
562794578
563384781
564247833
565667141
566588515
566985370
567051894
567144989
569236334
569306876
572795615
573071084
573440689
574301274
577009557
578641256
578706812
579445366
579978641
580012396
581370282
581790263
583648001
583666188
583938622
584902270
589423439
590968693
591591369
591617362
591644330
592172420
592596408
593244332
594035904
594376523
594664700
595246275
595312938
595399272
595563261
596346899
598585174
600128442
600265826
601880520
604382215
605381498
610821246
615339190
615394067
616091098
617083860
617416468
617543620
617829443
620299393
622413963
622693725
622861240
624753459
625277563
625754931
626129639
626248383
626614764
626899626
628455920
630596898
633334119
633364602
634857768
635706587
636610530
637655765
639556452
640246578
641010622
641171423
642507435
643055307
643885946
646582036
647720354
649211176
649211830
650684607
650895336
651219242
656244462
658180864
660638948
660921339
662019049
665149280
665800468
665878071
667453866
667593947
670630852
670771965
670956932
673775572
674703040
675194798
675823747
679651984
683919333
684158414
689011035
689329574
690389135
690391659
693140131
694947612
695108281
698727774
703611884
703720228
705029632
706421907
716979718
717653288
725506148
727365676
727446851
728810210
729685995
732014313
732855311
734475785
735809919
736826307
738672894
739266886
739417113
740234896
740315907
750570893
750586884
754700884
765048884
767125007
774383607
778339885
778518589
783201244
790864884
791213130
791316884
791520620
792216545
792338939
792508884
792935866
793330058
794146609
794389685
796471797
796478792
800666884
802485319
802996636
803237839
804065256
806364627
808429386
809063917
812399885
813526997
813814120
814715884
816222534
816803613
817422023
821720737
821780964
826450058
827257822
827972274
828454298
830871843
833641766
834368356
838315493
840308131
840534227
843060147
847566494
847567010
847864728
848693430
849850253
852374699
855518046
857888327
859294693
859301672
860270150
861902852
862608815
863524650
868005002
868133959
868761824
869377733
870206013
874348827
875323329
878268013
879281888
879629380
879945581
880837011
880840886
880903087
881136697
881260378
881560634
883335228
884362991
884363122
886921071
886958966
887248233
887298016
887298445
888592568
888849620
893083124
894388136
894643596
896153632
896527017
897954706
898171676
898541818
901739950
901845166
902641473
902813725
903281840
903282786
903505596
903684889
903743059
903843297
903861843
905809474
905813866
905975935
906031946
906249753
908050681
908806755
908834698
909089712
909407206
909711385
909849787
910013541
910048041
911042029
911433761
911802605
912202697
913403767
913720928
914276437
916463101
916491698
916562580
916927819
917112900
917453719
919013278
920796026
921359051
921752544
924264920
925336389
926193073
927899835
928730843
928942483
929277000
929947227
931300400
934576040
934797989
935345158
935478122
935548315
935802098
939175693
940156245
942404284
945004393
945517541
946777369
947191070
948284254
948976028
949195280
950882493
951087108
952917216
954100822
954892507
954902176
954938779
955143165
955147516
955326572
956625850
956794801
957018499
957163760
957171516
958153750
958179457
958230465
958365894
959298859
959324864
959468016
960597271
961463317
961715033
962188147
962416631
962812433
964355401
965064938
966183507
966419680
968638424
968655871
969314352
969374139
970597412
970694987
971248668
971901464
971901466
972414353
973194376
973535723
973682235
973949360
974299441
974670140
975115661
975125188
975284403
975569919
976468994
976549237
977015568
978519992
979609843
980154106
981361117
982105741
982921426
983059644
983386815
983412776
984564254
984771479
986000331
986011617
986901174
987331915
988577732
988601856
989168672
989335708
989652832
990591803
990862176
992046070
992277217
992983540
993002971
993081721
993270804
993284374
994778646
995015534
995386468
996319069
997066695
997215878
998025672
998390884
998568017
998766691
998809202
999565022
999802464
1000000618
1000083229
1000095644
1000238889
1000327131
1000397219
1000443325
1000445197
1001850850
1002041310
1002520452
1002724134
1003102801
1003308033
1004530793
1004574678
1004775385
1005034169
1005195731
1005210315
1005581906
1005774516
1006337409
1006557991
1006948082
1008452319
1010197801
1011924486
1012136787
1013135614
1013284622
1013463387
1014738314
1014752742
1016654935
1016715810
1016752437
1016822992
1016823985
1017325738
1017560455
1018705495
1018710197
1019223526
1019576853
1020466667
1021142847
1021703062
1022737612
1022864947
1023150373
1023234452
1023241336
1023244079
1023334577
1023376595
1023467079
1023761733
1023865051
1024735461
1027231243
1027239753
1027584309
1028870621
1029765276
1030050704
1030080066
1031143256
1031359815
1031437107
1031567659
1032036360
1032846074
1033215047
1033364998
1033465742
1034163232
1034379593
1034381175
1034383453
1034819901
1035167283
1035168120
1036120423
1036379102
1036954240
1037691804
1037718896
1038468098
1038514498
1038582160
1039097111
1039511252
1039621715
1039976787
1040190323
1040280961
1040955947
1041201977
1041377037
1041509070
1041645517
1042361179
1042390551
1042429619
1042517353
1042652702
1042888022
1043187897
1043593599
1043812386
1043994904
1044057803
1044115915
1044209457
1044806242
1044918624
1044976191
1045235303
1045276788
1045384425
1045385618
1045850849
1046398560
1046602745
1048372492
1049013947
1049150761
1050886056
1051566354
1052346812
1052349670
1052399775
1052524546
1052541481
1053256064
1053275688
1053698566
1054230417
1054402573
1054599508
1055001251
1055013662
1055044256
1055121160
1055208240
1055348656
1055404525
1055459878
1055730978
1055731475
1056399686
1057093146
1057255460
1057307365
1058705097
1059127320
1059509178
1059573987
1059597638
1059607112
1060103638
1060199409
1060671460
1061398943
1061704535
1062108530
1062333296
1062418176
1062997995
1063264363
1063793120
1064220193
1064413714
1064977295
1065019039
1065050908
1066154319
1067688314
1067918994
1068022483
1068144435
1068402740
1068563276
1069494505
1069495683
1069871378
1069881407
1070649025
1070746944
1070994920
1071140651
1071578260
1071726419
1072021022
1072208923
1072764084
1073018152
1073216051
1073232773
1073270208
1073274476
1073349789
1073376238
1073397096
1073468467
1074070278
1074177662
1075393336
1076474471
1076806340
1076863924
1077418457
1077823917
1078098622
1078162750
1078431985
1078714736
1079107543
1079172742
1079387708
1079952715
1080090608
1080234163
1080487291
1080634709
1080935752
1081967784
1082244480
1082366020
1082504877
1082548342
1082846709
1082939090
1082955323
1084198405
1085782087
1085976393
1086273045
1086315045
1086749611
1087096284
1087666805
1088015938
1088802706
1089088546
1089631876
1089780289
1089866508
1090136163
1090147504
1090272358
1090367473
1091124740
1091363992
1091420582
1091737675
1091756380
1091969414
1092731013
1092965609
1093437634
1093482755
1093570212
1093701767
1093934861
1094142105
1094817727
1095530140
1096616779
1096723739
1096925460
1097687350
1098781682
1099110857
1099195975
1099304101
1099324246
1099363803
1099855572
1100488294
1101711715
1101900764
1102055778
1102298716
1102323210
1102601387
1102703989
1102957639
1103271110
1103320303
1103351505
1103945328
1104484394
1105145426
1105869261
1106548091
1106593447
1106593474
1106594431
1106595381
1106739747
1107033358
1107505562
1107555934
1109665299
1109845740
1109845884
1109848309
1109848400
1109848570
1109848726
1109848729
1109848731
1109848735
1109848736
1109848872
1109848873
1109848950
1109848953
1109849127
1109927633
1110408974
1111995456
1112004494
1112364437
1112425552
1112662732
1112736899
1112825340
1112947679
1114395894
1114423002
1115024566
1115101341
1115310169
1116169130
1116485154
1116562666
1116782774
1116866428
1116873002
1117715109
1118024041
1119352435
1119389968
1119439036
1120941458
1121846301
1121866859
1121904671
1122387934
1122401834
1122804248
1123552997
1125069143
1125579173
1125637953
1126452942
1126568463
1128346151
1128428812
1128751000
1128955736
1130816119
1130932475
1131326956
1131408917
1131723994
1131751310
1131785604
1132925969
1133325943
1133980565
1134637518
1135093105
1135251376
1135311532
1135417163
1136003885
1136042376
1136251922
1136792532
1137561775
1137686333
1137704797
1138439226
1138440648
1138942145
1139391156
1139480348
1139672164
1139677206
1140512627
1140514879
1140522532
1140596919
1141081555
1141137823
1141509275
1142057803
1142068098
1142083165
1142321584
1142434071
1143962052
1144102302
1144153396
1144508840
1144973094
1145721542
1145974783
1146588641
1146781072
1146971609
1147277549
1147278052
1147372266
1147501806
1147681229
1148818768
1149518638
1150186828
1150237453
1150767301
1150960126
1151215065
1151215071
1151965239
1151988852
1152012998
1153134918
1153415561
1153456714
1153457233
1153465996
1153789570
1154542684
1154758766
1155163742
1155320115
1155392992
1155846302
1156158142
1156258045
1156374767
1157619382
1157696226
1158928053
1159653004
1160187750
1160543563
1160741185
1161265531
1161431874
1161983654
1162322999
1162659795
1162733995
1162913420
1163263807
1163317565
1163344992
1163599059
1164228167
1164272877
1164278826
1164304576
1164374262
1164442374
1165264104
1166007425
1166015603
1167011656
1167078901
1167320659
1167552485
1168107709
1168326641
1168445048
1168773970
1168854871
1169101860
1169267242
1170787132
1170805348
1170932252
1171479646
1171738634
1171784464
1171827836
1172696263
1173544870
1173559723
1174033562
1174532753
1174542574
1176277508
1176366805
1176549358
1177473284
1177744515
1178167741
1178704872
1178878016
1179099780
1179629560
1179847741
1180256583
1180601694
1180816827
1182226064
1182594951
1182646533
1182728640
1182818802
1182923828
1183006119
1183093544
1183846064
1184236525
1184598130
1184642498
1185660348
1185662266
1186199709
1186246780
1186791207
1187029258
1187085559
1187204372
1187303548
1187357113
1188142876
1188900947
1189731597
1189978971
1190000968
1191147164
1191274361
1191336032
1191490065
1191882141
1192430069
1192710903
1193045798
1193068130
1193095604
1193293445
1193387182
1193611459
1194039330
1194470795
1194548143
1194937327
1195309154
1195362330
1195484262
1197087242
1197095887
1197440162
1197760653
1197891841
1198314717
1198345292
1198419695
1198732014
1199635981
1199780143
1199918249
1200158881
1200684765
1201255510
1201273169
1201927184
1201932953
1202134377
1202404827
1202441485
1202538375
1202594700
1202698232
1203310061
1203778895
1203808663
1203911587
1204373846
1204506559
1204523870
1205377165
1205524541
1205668403
1206692506
1206775556
1206998957
1207134835
1207672748
1208566730
1209181618
1209834771
1210233835
1210383304
1210939134
1210975738
1211025769
1211312212
1211469807
1211768503
1212045046
1212097275
1212124420
1212139465
1212397705
1213042361
1213441039
1213940694
1214452771
1214679007
1214725493
1214744628
1214836120
1215089809
1215571407
1215810743
1216260422
1216703941
1217386273
1217657323
1217681421
1217923682
1217948628
1221085548
1223764016
1223782070
1223794331
1223815804
1223817465
1223819466
1224154223
1224226582
1224525821
1224537445
1224965828
1225077306
1225204588
1225229780
1226276280
1226455564
1227283335
1227321765
1227858637
1227862187
1228062573
1228136261
1228459191
1228464317
1228494088
1228934317
1229862115
1230275826
1230490941
1230807136
1231166203
1231174561
1231387865
1231680638
1231912533
1232001338
1232009882
1232498158
1232748697
1233305383
1233487637
1233991021
1234025671
1234320525
1235151546
1236274660
1236351314
1236471113
1236633267
1236637877
1236818554
1236907421
1237082646
1237205092
1237389947
1238157855
1238380481
1238866553
1238981415
1239048003
1239060536
1239255735
1239261081
1239568910
1239816008
1240392123
1240482999
1241016182
1241780381
1241800397
1242028887
1242094788
1242160490
1242228512
1242377947
1243088708
1243525941
1243692577
1243945491
1244959034
1244962057
1245322924
1245331505
1245783895
1245958863
1247343210
1247425397
1247628265
1248086475
1249144291
1249670270
1249723923
1249728040
1249766422
1250454336
1250656472
1250962684
1251078708
1251291132
1252774603
1252801399
1252948006
1253110409
1253130544
1253131918
1253158731
1253316309
1253459237
1253584856
1253678242
1253853347
1254073246
1254720112
1254981421
1255052408
1255187573
1255567329
1256091892
1256131164
1257075111
1257356393
1257807974
1257913963
1258254665
1258365194
1259139519
1259504838
1259689715
1259695957
1260066861
1260175711
1260471308
1260800644
1261079523
1261515078
1261995891
1262865772
1262962619
1264427749
1264723721
1265203658
1266839739
1267896538
1267927535
1268090919
1268102265
1268299441
1268410459
1268419697
1268558109
1268927525
1269894106
1270140701
1270311538
1270922382
1271236770
1271249164
1271254706
1271435757
1272100668
1272423047
1272767671
1272803477
1272835654
1272856118
1273294635
1273523154
1273561340
1273580812
1273606075
1273858319
1274113137
1275294839
1275919779
1275924371
1275960010
1276051440
1276105956
1276338360
1277166741
1277969212
1278174903
1278679283
1278694631
1278958831
1279724711
1279731673
1279981104
1280469178
1280473725
1280656251
1281010624
1281089527
1281119937
1281279677
1281285953
1281369972
1281790712
1282093659
1282106249
1282116646
1282526804
1283211411
1286546174
1286870871
1286933381
1287220506
1287225837
1287809610
1288323368
1289150989
1289421344
1290343335
1290393786
1290618412
1290655065
1290853810
1291058235
1291379986
1291474441
1291733810
1291846776
1292089107
1292279270
1292749928
1293557003
1293612256
1293617501
1293860614
1293899173
1294058924
1294224809
1294411496
1294533726
1294725518
1294904709
1295208885
1295287516
1296003971
1296082082
1296411812
1296420270
1296610610
1296680421
1297378881
1297791208
1297886023
1298460455
1299131209
1299140661
1299249200
1299445513
1299826850
1300263694
1300291461
1300837524
1301069333
1301508993
1302311533
1304030110
1304781389
1306867605
1307053842
1307361758
1308155782
1308588408
1309178056
1309300649
1310192007
1310574594
1311320166
1311589205
1311815279
1312646020
1312897506
1313519159
1313595090
1313678234
1314000635
1314095851
1314667752
1315159668
1315776736
1315888074
1316576135
1316809169
1316877057
1317416071
1317478907
1317606268
1318093112
1318154188
1318513890
1319202096
1320815302
1321118314
1321264922
1321362265
1321759767
1321898058
1322142913
1322659480
1322660776
1322666339
1323952161
1324249769
1324765509
1325018583
1325025632
1325401931
1325612157
1325753838
1326865967
1327894427
1328332258
1328403535
1328842840
1329087461
1329397783
1329400660
1329415244
1329622860
1329964971
1330314712
1330337910
1330345445
1330700908
1331114408
1331160807
1331529540
1331598443
1332025685
1332375063
1332493155
1332565102
1332583916
1333153992
1333158713
1333520143
1333563308
1333795919
1333863338
1333880646
1334257580
1334775166
1334878780
1335317858
1335405180
1336078503
1336113695
1336174427
1336205565
1336250462
1336484262
1337718773
1337859403
1338378584
1338535686
1338629215
1338891894
1339161520
1339453942
1339744391
1339849737
1339952977
1340458856
1340490567
1340502198
1340505607
1340970714
1341109677
1341478446
1341499853
1341848099
1342003491
1342285788
1342390317
1342684917
1343900900
1344334397
1344741001
1344913966
1345057591
1345084187
1345104153
1345307109
1345670870
1346216138
1346233803
1346470488
1346623932
1346866177
1346866422
1346953754
1347101174
1347101192
1347288252
1347567820
1347575194
1347649088
1347811999
1348000511
1348564164
1348807059
1348826406
1349078561
1349600088
1349914886
1349931526
1350064353
1350165726
1350226139
1350262371
1350476369
1350499924
1350600322
1350850605
1350908714
1351021505
1351131347
1351140297
1351237399
1351258823
1352047876
1352123280
1352219394
1352327304
1352434240
1352564035
1352754847
1353058891
1353116119
1353533538
1354476540
1355066092
1355066333
1355212895
1355526144
1355587381
1356641195
1357202594
1357522412
1357721795
1357945913
1358180392
1358181504
1358184961
1358188105
1358188114
1358196303
1358448343
1358454112
1358577660
1358600318
1358769500
1359057816
1359230366
1359465053
1359474616
1360406217
1360496374
1360816558
1360989594
1361476731
1361483533
1361879433
1362728956
1362965221
1363182054
1363333976
1363389413
1363805134
1363808121
1363992974
1364507626
1364822757
1365178782
1365312021
1365350953
1365852206
1366265653
1366425516
1366678851
1367090522
1367163590
1367299937
1367338237
1367457185
1367460245
1367963156
1367988699
1368068056
1368120402
1368361809
1368433464
1368888880
1369065754
1369344930
1370118411
1370459051
1370910331
1370982175
1371964204
1372359995
1372481697
1372509201
1372657154
1373250990
1373312240
1373344935
1373926216
1374007222
1374027962
1374373035
1374647284
1374756115
1375107560
1375316245
1375714621
1376295005
1376384137
1376584963
1376641140
1376688021
1376906132
1377299934
1377886035
1378040733
1378122655
1378622424
1378685721
1378772801
1380188765
1381008946
1381115676
1381197168
1381229825
1381229962
1381363197
1382083409
1382789861
1383159271
1383301660
1383378461
1383934695
1384867286
1385051346
1385333104
1385379989
1385634467
1386243373
1386844352
1387032167
1387305718
1387362783
1388057162
1388094535
1388225730
1388568002
1388761048
1389440760
1389470327
1389764855
1389858029
1390248793
1390997332
1391324234
1391933145
1392724387
1393072358
1393265937
1393848106
1393850580
1393881115
1393970616
1394069674
1394186501
1394373895
1395443141
1395603706
1395700359
1395963508
1396193535
1396254711
1396452404
1396508525
1396757201
1397107667
1397177307
1397258130
1397660509
1397786677
1397791022
1398126760
1398398832
1399009172
1399040612
1399695759
1400294724
1400686733
1400794852
1401506455
1402011312
1402224838
1402257437
1402499244
1402840000
1403363121
1403578549
1403616027
1403736855
1403827635
1404380126
1404469170
1404576606
1404686511
1405332786
1405489990
1405848187
1406061656
1406174660
1406443091
1406451900
1406534739
1406663930
1406783381
1406939454
1407015487
1407038144
1407041447
1407045812
1407056689
1407320921
1407451189
1407606863
1408224071
1408585620
1408796715
1409822126
1409930361
1410850297
1410858264
1411446648
1411448421
1412041655
1412159660
1412209136
1412479643
1412528674
1412558811
1412614857
1413069830
1414580769
1414720078
1415239995
1415546090
1416554991
1416582200
1417124389
1417616354
1418029100
1418827509
1418837955
1419045513
1420191569
1420223487
1420638794
1421269484
1422537270
1422830638
1423417914
1423733399
1424760806
1426202160
1426560594
1428093217
1428216705
1428290303
1428327760
1428793369
1428795494
1428802915
1429018964
1429054883
1429082304
1429114282
1429180675
1429252261
1429263903
1429751562
1429961108
1430094842
1430328006
1431047194
1431597042
1432138159
1432160810
1432269812
1432615721
1432855540
1432882258
1432888130
1433882512
1433941876
1433953834
1434190405
1434318253
1434495117
1434527138
1434549133
1434578766
1434596241
1434698084
1434702953
1434904509
1435037662
1435104251
1435252632
1435293822
1435314680
1435365252
1435481214
1435528240
1435679111
1435734970
1435737420
1435759878
1435801461
1435805103
1435826281
1435939485
1435939997
1435977386
1435990209
1436005289
1436076816
1436083034
1436097489
1436172406
1436206597
1436219717
1436318429
1436406950
1436469688
1436543967
1436574410
1436647162
1436670002
1436680640
1436739085
1436752732
1436793238
1436802935
1436809976
1436895807
1436939910
1437004435
1437098382
1437187189
1437191508
1437194781
1437223143
1437306870
1437425751
1437452193
1437522949
1437708666
1437717449
1437753029
1437755736
1437789667
1437834171
1437838013
1437850244
1437851870
1437852899
1437935588
1437980255
1438063915
1438148749
1438162222
1438215792
1438285801
1438351534
1438365163
1438449989
1438462132
1438635902
1438660618
1438906889
1439014355
1439034317
1439142228
1439149348
1439253638
1439327697
1439459473
1439497292
1439510648
1439619370
1439620395
1439655215
1439751014
1439837349
1439927529
1440076586
1440085392
1440104670
1440289371
1440293611
1440309247
1440349960
1440355498
1440431373
1440433026
1440438131
1440467605
1440515314
1440522736
1440524943
1440533170
1440614499
1440757388
1440850797
1440863621
1441349025
1441471907
1441540511
1441577778
1441592240
1441608948
1441655878
1441686111
1441696714
1441824608
1441828777
1441886206
1442166036
1442461152
1442585869
1442690446
1443160082
1443600712
1443606885
1443852833
1444160653
1444227264
1444357023
1444408508
1444465825
1444520320
1444555796
1444694886
1444777393
1444887095
1444922726
1445260221
1445368869
1445443315
1445481970
1445624604
1445682286
1445755258
1445784142
1445812977
1445904739
1446197469
1446204567
1446213319
1446235340
1446263692
1446369392
1446462607
1446476355
1446574315
1446649145
1446661695
1446692551
1446761699
1446855027
1446908745
1447071984
1447078646
1447141627
1447168682
1447263829
1447339536
1447445750
1447619587
1447705292
1447714806
1447740837
1447772090
1447772662
1447775029
1447811678
1447833446
1447903799
1447963261
1448007188
1448029550
1448060289
1448090249
1448104773
1448122972
1448151398
1448198087
1448200711
1448228102
1448256782
1448330690
1448398765
1448403677
1448414907
1448453998
1448514363
1448601985
1448604072
1448632323
1448636343
1448707654
1448715889
1448739088
1448833161
1448897073
1448935281
1449057846
1449074841
1449192455
1449229551
1449307021
1449372657
1449433645
1449598446
1449605209
1449676371
1449779475
1449952241
1449980564
1450005207
1450050750
1450104191
1450211392
1450212088
1450275946
1450277129
1450288198
1450317528
1450325643
1450334777
1450511912
1450666617
1450725571
1450751793
1450755523
1450820162
1450887023
1451046261
1451101741
1451243028
1451326250
1451375639
1451400788
1451421522
1451422419
1451439126
1451549039
1451615479
1451616637
1451618276
1451618807
1451624547
1451667379
1451676874
1451723475
1451730017
1451745033
1451748505
1451755168
1451778025
1451778351
1451779885
1451827673
1451860877
1451963838
1451999167
1452082035
1452114380
1452250776
1452279857
1452297085
1452347127
1452461494
1452574037
1452660116
1452696280
1452720289
1452779688
1452867496
1452907531
1452934856
1452940459
1452958267
1453036067
1453338249
1453429066
1453455876
1453590167
1453616436
1453621755
1453727438
1453765092
1453788965
1453870587
1453882845
1453893108
1454009140
1454103418
1454168626
1454411295
1454511530
1454714520
1454826180
1454828100
1454855065
1454892849
1454922964
1454986652
1455031182
1455064499
1455067534
1455111316
1455227934
1455270021
1455279760
1455340680
1455348346
1455403682
1455403864
1455405517
1455436398
1455445556
1455583682
1455613667
1455668750
1455772681
1455873468
1455894620
1455984211
1456181773
1456240976
1456327399
1456327498
1456467888
1456480933
1456605797
1456767353
1456772823
1456963067
1457013820
1457318724
1457400599
1457403557
1457479457
1457516002
1457529354
1457611450
1457643728
1457743953
1457827496
1457928003
1457953549
1458148332
1458316970
1458363871
1458420685
1458429423
1458505005
1458535319
1458556123
1458726774
1458755365
1458763767
1458824314
1458900291
1458945676
1458984390
1458984592
1458985688
1459044040
1459079624
1459118695
1459175606
1459323268
1459399711
1459401769
1459416461
1459469614
1459537330
1459754960
1459993408
1460030305
1460051721
1460141803
1460147025
1460157002
1460165902
1460173985
1460174495
1460278939
1460398272
1460404357
1460537624
1460716677
1460817064
1460843846
1461328071
1461494159
1461515071
1461518124
1461705002
1461714449
1461719225
1462096731
1462188362
1462326275
1462394344
1462408441
1462420428
1462453028
1462465755
1462529485
1462581915
1462591474
1462617253
1462661246
1462759331
1462914377
1462923850
1463036129
1463051730
1463060534
1463085161
1463115938
1463117784
1463123745
1463252316
1463280656
1463285744
1463327106
1463468736
1463585026
1463797137
1464038604
1464488062
1464577811
1464702373
1464870183
1464953082
1465098447
1465167270
1465176074
1465630546
1465730230
1465783547
1465840868
1466015864
1466133055
1466185526
1466264114
1466330985
1466390690
1466415148
1466581542
1466842304
1466861744
1466901707
1467289205
1467297967
1467374705
1467413926
1467437212
1467520154
1467696375
1467712070
1467769972
1467786723
1467823230
1467826319
1467851550
1468222987
1468368093
1468486004
1468555483
1468640390
1468692470
1468908020
1468974209
1469153910
1469270123
1469394914
1469404703
1469433026
1469483781
1469631127
1469683141
1469689582
1469703618
1469714268
1469741241
1469764318
1469825550
1469873380
1469904893
1470078499
1470124809
1470308447
1470315449
1470335345
1470482672
1470483538
1470495562
1470562202
1470595534
1470607840
1470809757
1470873097
1470897774
1470913474
1470936045
1470952338
1470969449
1471082508
1471342029
1471342695
1471479507
1471552947
1472032845
1472142690
1472201014
1472279216
1472282344
1472282764
1472309632
1472456658
1472827707
1472939543
1472994439
1472994836
1473008758
1473050957
1473055758
1473125489
1473149944
1473150244
1473382916
1473557882
1473608442
1473626965
1473889249
1474114072
1474268053
1474309028
1474399522
1474400307
1474560128
1474608025
1474640776
1474681355
1474697743
1474849832
1474948728
1475022348
1475115108
1475147716
1475281033
1475402385
1475463467
1475486523
1475571111
1475672610
1475735289
1475774488
1475793300
1475814911
1475835329
1475845728
1476096152
1476098762
1476141649
1476245724
1476327351
1476331236
1476333944
1476355083
1476367972
1476373515
1476421791
1476435763
1476442382
1476484618
1476716410
1476732533
1476738421
1476779506
1476780309
1476819288
1476831468
1476844445
1476863701
1476896579
1476971066
1476996343
1477004662
1477125714
1477200772
1477269393
1477341583
1477373695
1477386458
1477409118
1477477075
1477517127
1477542650
1477852154
1477875094
1477999442
1478135089
1478177727
1478198107
1478272793
1478460758
1478513309
1478554254
1478660706
1478755748
1478795556
1478873041
1478926482
1479053141
1479062716
1479120204
1479146995
1479154346
1479234915
1479237484
1479245439
1479270676
1479285354
1479324511
1479338598
1479340829
1479455008
1479491840
1479526691
1479566524
1479620257
1479668478
1479682063
1479692796
1479738261
1480037919
1480139093
1480188724
1480257700
1480261324
1480263462
1480320465
1480386250
1480605371
1480636305
1480712403
1480744248
1480751239
1480752121
1480779986
1480845946
1480899854
1480965056
1480970735
1480994657
1481064200
1481099768
1481123266
1481231734
1481247759
1481254566
1481276276
1481317421
1481356064
1481383415
1481453781
1481503698
1481715680
1481741478
1481743845
1481986126
1481994554
1482013417
1482031521
1482102686
1482128374
1482129537
1482191166
1482212953
1482278836
1482292603
1482297097
1482297423
1482309629
1482313742
1482355317
1482383868
1482460853
1482481719
1482553494
1482568207
1482588696
1482645186
1482670770
1482691679
1482706696
1482735472
1482769780
1482781075
1482841764
1482883249
1482883383
1482953275
1482961066
1483011704
1483064393
1483066441
1483075570
1483190315
1483233279
1483237956
1483267868
1483289230
1483349378
1483383815
1483397054
1483399748
1483510527
1483511325
1483513411
1483534534
1483550571
1483622710
1483874492
1483975564
1484090932
1484092576
1484097074
1484110214
1484210078
1484268706
1484328635
1484336413
1484408677
1484428621
1484437411
1484445852
1484507059
1484519564
1484618253
1484668210
1484707674
1484811473
1484818403
1484862164
1484912138
1484919130
1485009485
1485021241
1485105483
1485307285
1485342736
1485450196
1485466631
1485475085
1485475729
1485497968
1485527777
1485587140
1485652145
1485743319
1485751552
1485813093
1485909695
1486013238
1486031415
1486068115
1486182255
1486242577
1486243468
1486283683
1486334990
1486339538
1486366038
1486431733
1486444821
1486518248
1486637090
1486669281
1486867687
1486883874
1486961564
1487023147
1487054515
1487190537
1487211928
1487376371
1487391895
1487583333
1487590478
1487671303
1487721236
1487795208
1487820978
1487898258
1488011300
1488020237
1488100232
1488251860
1488424047
1488434518
1488463073
1488594274
1488627456
1488983270
1489010308
1489065781
1489091163
1489093693
1489109853
1489147767
1489203631
1489296371
1489301603
1489335002
1489444319
1489450946
1489507136
1489516877
1489523817
1489535585
1489656479
1489811856
1489813967
1489838433
1490042223
1490069280
1490110440
1490219399
1490229179
1490247122
1490264279
1490284794
1490295238
1490420156
1490429351
1490456929
1490493774
1490499334
1490621476
1490638628
1490664572
1490676813
1490693338
1490693742
1490791468
1490798791
1491031463
1491110978
1491112396
1491167058
1491214660
1491235384
1491275965
1491410258
1491415908
1491430664
1491528915
1491649855
1491888859
1491949386
1491983885
1491992561
1492003060
1492122345
1492135529
1492135563
1492158594
1492162539
1492305058
1492400997
1492484594
1492490959
1492499865
1492527193
1492529275
1492578644
1492747803
1492813033
1492840692
1492932655
1492933678
1492934826
1492938525
1492970582
1493009674
1493017203
1493031991
1493124823
1493223272
1493234004
1493282315
1493302664
1493360574
1493426025
1493428592
1493432637
1493453604
1493562592
1493613536
1493651992
1493717594
1493757198
1493798286
1493842313
1493858530
1493896529
1493944655
1493945002
1494061047
1494066239
1494092727
1494186757
1494198938
1494236156
1494238283
1494284585
1494288906
1494313600
1494362765
1494409131
1494423641
1494438670
1494513478
1494530377
1494534953
1494549885
1494643399
1494717762
1494724922
1494733412
1494755008
1494772845
1494843031
1494880178
1494969024
1495049217
1495103557
1495112369
1495119728
1495309028
1495324190
1495399371
1495478113
1495491873
1495535233
1495599353
1495698475
1495726569
1495731488
1495738786
1495765871
1495894637
1495971324
1495983685
1496034764
1496074367
1496196680
1496318579
1496328940
1496400019
1496421572
1496423588
1496431422
1496503843
1496509205
1496525343
1496536530
1496541917
1496623191
1496642533
1496657352
1496677282
1496793392
1496818604
1496838055
1496841325
1496845323
1496854105
1496988714
1497016563
1497152318
1497187693
1497438083
1497439581
1497441201
1497442509
1497442605
1497447079
1497472336
1497536322
1497570451
1497626670
1497691352
1497698127
1497778330
1497782208
1497782433
1497791107
1497892731
1497950772
1497996060
1498000855
1498053398
1498068828
1498119849
1498170548
1498184893
1498202082
1498255190
1498289889
1498295297
1498296670
1498327351
1498336372
1498337739
1498496664
1498499269
1498625027
1498635922
1498679145
1498731112
1498801064
1498806952
1498816730
1499018289
1499018480
1499041047
1499059545
1499124256
1499140700
1499153090
1499255585
1499271317
1499313271
1499314188
1499345186
1499416006
1499502883
1499593995
1499699394
1499745733
1499804146
1499863303
1499888201
1499900017
1499908073
1500039589
1500101729
1500168983
1500200100
1500205650
1500280709
1500286132
1500297580
1500323360
1500344568
1500360519
1500364829
1500388439
1500394196
1500410875
1500424869
1500437539
1500444735
1500452264
1500477648
1500483774
1500486453
1500488012
1500499810
1500508752
1500597583
1500641870
1500651080
1500682242
1500690527
1500722221
1500759531
1500774232
1500903366
1500905683
1500919715
1500952459
1500962020
1500962024
1500970749
1501005518
1501074558
1501083626
1501105987
1501132609
1501154028
1501157213
1501178221
1501182638
1501210104
1501229576
1501229957
1501235197
1501252858
1501406448
1501420767
1501444997
1501505787
1501533533
1501544101
1501560480
1501587168
1501630157
1501686296
1501700253
1501716010
1501727953
1501769114
1501774800
1501845846
1501880187
1501880979
1501991718
1502077612
1502144962
1502278617
1502293108
1502307717
1502339625
1502419810
1502438432
1502579296
1502640766
1502718875
1502765577
1502823902
1503033146
1503095860
1503149669
1503197774
1503229903
1503242769
1503250521
1503337145
1503378052
1503389712
1503412182
1503610662
1503641575
1503649472
1503665213
1503725266
1503869154
1503899792
1503911868
1503989676
1503997290
1504012907
1504020473
1504108932
1504177805
1504264944
1504280230
1504283429
1504329673
1504380082
1504537857
1504577759
1504631967
1504695158
1504727242
1504750996
1504784246
1504829495
1504843635
1504843766
1504895463
1504910815
1504989652
1505076294
1505129564
1505181324
1505189956
1505247925
1505359824
1505427626
1505577852
1505581039
1505588858
1505603790
1505662067
1505669956
1505690289
1505778861
1505847605
1506006619
1506020555
1506031126
1506039475
1506277024
1506290030
1506396277
1506412904
1506416713
1506418752
1506430895
1506436093
1506640611
1506648464
1506676285
1506686558
1506720402
1506796636
1506796749
1506849521
1506858903
1506890464
1506974121
1506974626
1506985601
1506993491
1507002279
1507003806
1507032182
1507063075
1507208290
1507241783
1507264769
1507400585
1507607648
1507612020
1507621076
1507650273
1507673666
1507691086
1507742759
1507762089
1507838931
1507839530
1508008606
1508013668
1508017209
1508022327
1508034125
1508048345
1508053574
1508055328
1508122332
1508131098
1508177603
1508193873
1508242968
1508291989
1508380100
1508435125
1508442475
1508522747
1508609707
1508759059
1508892492
1508918419
1508949005
1508955544
1508977642
1508991974
1508992867
1508997187
1509056023
1509069589
1509110420
1509128083
1509175641
1509198242
1509276485
1509356757
1509361851
1509378208
1509447603
1509485632
1509554231
1509561572
1509604439
1509777042
1509930788
1509990900
1510010512
1510016468
1510067692
1510086831
1510119327
1510133255
1510135951
1510147316
1510251497
1510267532
1510289401
1510387581
1510471758
1510488357
1510516382
1510570623
1510598541
1510648915
1510696558
1510764315
1510810010
1510837151
1510853470
1510865156
1511079610
1511124804
1511137375
1511327006
1511419485
1511420493
1511697760
1511771313
1511786733
1511802512
1511810815
1511813848
1511955791
1511975101
1512032536
1512035484
1512065929
1512093815
1512287385
1512400906
1512453641
1512597696
1512632214
1512653042
1512660219
1512764779
1512907879
1513055507
1513064579
1513068249
1513157391
1513289187
1513297026
1513342799
1513422232
1513423967
1513458561
1513471407
1513509944
1513597074
1513613242
1513630621
1513720863
1513737418
1513777838
1513796993
1513823904
1513855107
1514052567
1514056105
1514060979
1514214001
1514222329
1514290825
1514305199
1514325670
1514451766
1514572720
1514584646
1514634423
1514725515
1514812591
1515049774
1515082828
1515111476
1515133543
1515158264
1515187303
1515280194
1515355005
1515442155
1515531960
1515538909
1515545715
1515598585
1515605805
1515607844
1515610705
1515655164
1515679682
1515694346
1515838573
1515856905
1515936057
1515958966
1515959063
1516093859
1516123323
1516238824
1516240102
1516358286
1516405698
1516411271
1516423224
1516509883
1516510010
1516512888
1516529429
1516657231
1516661785
1516704526
1516721725
1516756085
1516790508
1516832050
1516843565
1516844211
1516865576
1516900326
1516929915
1517082641
1517088503
1517129871
1517143762
1517181470
1517210705
1517227123
1517252341
1517313709
1517318506
1517439490
1517490399
1517530142
1517617369
1517645735
1517646639
1517662735
1517709981
1517718275
1517818935
1517840931
1517869757
1517871147
1517878293
1517908371
1518301656
1518313275
1518316928
1518351830
1518400237
1518443304
1518491806
1518610057
1518619535
1518637624
1518639507
1518658944
1518671589
1518687797
1518750946
1518781178
1518796171
1518818543
1518862081
1518863166
1518863455
1518943426
1519033629
1519068267
1519075264
1519234952
1519237916
1519255038
1519255896
1519264776
1519267877
1519456198
1519468559
1519491627
1519571412
1519612200
1519809621
1519845981
1519847295
1519901948
1519906399
1519915676
1520025687
1520099506
1520102889
1520131367
1520135259
1520142152
1520444026
1520651505
1520717423
1520762610
1521041249
1521052113
1521164316
1521166054
1521284953
1521375544
1521447526
1521551570
1521551938
1521664487
1521697010
1521761313
1521769393
1521827640
1521863834
1521997920
1522364806
1522402746
1522500006
1522544673
1522572044
1522631182
1522681861
1522701949
1522709736
1522838324
1522960417
1523106562
1523117197
1523145090
1523182959
1523232576
1523307706
1523326889
1523340696
1523344425
1523345212
1523360049
1523505575
1523528958
1523584878
1523614693
1523653268
1523688044
1523714708
1523720459
1523720992
1523722173
1523869053
1523869822
1523877524
1524040333
1524080195
1524090917
1524128166
1524153644
1524155755
1524156217
1524173631
1524233796
1524345665
1524352615
1524372250
1524384950
1524487134
1524491131
1524492019
1524503061
1524510741
1524526782
1524592462
1524643467
1524647491
1524652098
1524683327
1524779976
1524845865
1524854102
1525147817
1525180323
1525204132
1525230261
1525255720
1525262837
1525309619
1525328299
1525403762
1525449420
1525493536
1525514686
1525584131
1525597360
1525610340
1525619563
1525663883
1525680146
1525718690
1525807626
1525899214
1525933414
1525955817
1526045419
1526052972
1526131586
1526140451
1526200070
1526206712
1526307779
1526326119
1526504338
1526505843
1526511186
1526606627
1526715605
1526730228
1526815394
1526948354
1527004579
1527006090
1527036419
1527166270
1527271678
1527271964
1527285978
1527349276
1527891739
1528016907
1528031902
1528040283
1528075107
1528197006
1528238034
1528267426
1528325570
1528551729
1528610184
1528647962
1528690174
1528861897
1528899704
1528939085
1528959708
1529208040
1529257352
1529311570
1529481082
1529485196
1529499626
1529514505
1529528882
1529622540
1529831930
1529888455
1529951307
1530049453
1530074611
1530249685
1530427529
1530438771
1530589673
1530648792
1530651866
1530666687
1530686691
1530704842
1530833055
1530996749
1530999233
1530999942
1531056167
1531115502
1531184601
1531273710
1531366169
1531476505
1531486188
1531636780
1531637824
1531688057
1531729718
1531762996
1531773280
1531812209
1531816877
1531900057
1532083110
1532225667
1532270716
1532297096
1532418028
1532555045
1532617500
1532687803
1532744254
1532816291
1532977407
1533031237
1533104467
1533115958
1533341620
1533365390
1533462141
1533477922
1533482411
1533583243
1533684651
1533690094
1533700329
1533704307
1533704926
1533782294
1533795211
1533865227
1533964174
1533980143
1533997830
1534040330
1534165384
1534219280
1534223587
1534267189
1534272032
1534383903
1534512145
1534594079
1534623399
1534694543
1534808112
1534903835
1534967020
1535019297
1535045689
1535175438
1535242667
1535290819
1535323701
1535572051
1535644228
1535712115
1535979158
1536169792
1536195275
1536393630
1536437232
1536465238
1536473345
1536480904
1536490711
1536587146
1536632665
1536697369
1536706148
1536873630
1537445938
1537451705
1537453059
1537453361
1537460314
1537466953
1537598177
1537642847
1537674270
1537678761
1537797633
1538171570
1538415261
1538488926
1538623263
1538682883
1538779780
1538802749
1539129528
1539320050
1539333668
1539352769
1539524238
1539535133
1539605041
1539675123
1539719568
1539769765
1539909575
1539990265
1540074266
1540160436
1540206818
1540208209
1540561979
1540573682
1540577087
1540669954
1540815869
1540834842
1540865726
1541219717
1541385402
1541397878
1541404399
1541505108
1541540701
1541565077
1541659973
1541765619
1541812987
1542036908
1542217900
1542406765
1542455002
1542530385
1542764159
1542796132
1543003964
1543096001
1543215244
1543254678
1543265737
1543363295
1543457586
1543535062
1543604629
1543663353
1543782287
1543940348
1544012009
1544098624
1544539564
1544635078
1544640203
1544692373
1544810395
1544960890
1545102137
1545183989
1545284633
1545417121
1545483711
1545505356
1545514141
1545602838
1545612105
1545837929
1546009749
1546134337
1546134969
1546229786
1546282862
1546283709
1546461854
1546528865
1546594498
1546881644
1546883049
1546889669
1546899313
1546905002
1546908371
1546995841
1547081195
1547183085
1547192317
1547207852
1547296123
1547337414
1547386535
1547876741
1547926484
1547950387
1548032692
1548389729
1548481241
1548524534
1549120168
1549123065
1549249879
1549409139
1549411455
1549467534
1549587548
1549595301
1549604908
1549619900
1549622417
1549634610
1549635170
1549741129
1549742133
1549876045
1549952882
1550002928
1550015109
1550096072
1550124544
1550147837
1550478652
1550489393
1550489684
1550626556
1550647607
1550653869
1550709357
1550791248
1550953742
1550967802
1551063056
1551193069
1551399177
1551504146
1551573605
1551581110
1551581358
1551596773
1551666353
1551908005
1552026927
1552348091
1552443526
1552463561
1552569527
1552589072
1552621233
1552646231
1552648766
1552688342
1552917994
1553249560
1553507325
1553526775
1553609479
1553629857
1553699249
1553716852
1553781662
1553800233
1553858809
1553969705
1554081806
1554168216
1554202303
1554218352
1554414778
1554595461
1554743444
1554794952
1554808785
1555512378
1555590611
1555592637
1556032684
1556172088
1556210539
1556222099
1556249417
1556360579
1556533149
1556707445
1557072227
1557083102
1557092731
1557143861
1557186217
1557508234
1557527024
1557586133
1557588122
1557619390
1557807373
1557852021
1557930520
1557988738
1558220009
1558370869
1558380108
1558388990
1558406244
1558427577
1558599836
1558722999
1558730307
1558818061
1558961587
1559039194
1559289879
1559319341
1559327685
1559483865
1559489384
1559600038
1559710853
1559748185
1559758970
1559845569
1559870044
1559925701
1560128267
1560383595
1560526158
1560598445
1560709994
1560920710
1560930043
1560930200
1561011751
1561054947
1561106167
1561148889
1561163525
1561279554
1561411048
1561421801
1561477249
1561663075
1561802581
1561874960
1561885149
1561971898
1561997975
1562215629
1562585858
1562749473
1562783503
1562789559
1562796099
1562906945
1563066333
1563224380
1563275102
1563282167
1564516690
1564530722
1564661408
1564728483
1564855287
1564949057
1565025982
1565412495
1565440403
1565634263
1565724301
1565829138
1565995794
1566009525
1566126072
1566152516
1566223775
1566225807
1566243409
1566649909
1566777999
1567027414
1567052123
1567156640
1567204040
1567226845
1567250326
1567330717
1567418563
1567680368
1567923627
1567951223
1568451535
1568510246
1568587260
1568949572
1568994256
1569041796
1569682151
1569795219
1569862544
1570088018
1570296135
1570384112
1570440204
1570550741
1570733607
1571198213
1571451348
1571503206
1571517396
1571792783
1572176499
1572203778
1572280485
1572295396
1572532766
1572541352
1572917817
1573180748
1573218561
1573303564
1573398072
1573552705
1573642138
1573710078
1573763038
1573763106
1573764973
1574044971
1574201190
1574421928
1574510281
1574594922
1574623633
1575100757
1575109247
1575251621
1575429219
1575497294
1576080434
1576380691
1576503162
1576638160
1576678128
1576804884
1577037545
1577037667
1577081918
1577115070
1577673957
1577676434
1577849126
1577977608
1578033651
1578154839
1578742980
1578778554
1579004491
1579110941
1579234063
1579263731
1579722549
1579911621
1579977660
1580259632
1580525701
1580591348
1581084743
1581134936
1581672574
1581753935
1581922147
1582170512
1582301756
1582644152
1582888044
1582912927
1583029915
1583065067
1583132133
1583658048
1584316604
1584509565
1584757323
1585068963
1585211448
1585263039
1585403182
1585592687
1585600919
1585677616
1585683129
1585688730
1585723806
1585840725
1586004759
1586043667
1586061365
1586179120
1586451197
1586630389
1586720545
1586757853
1586804684
1586825865
1587273284
1587508622
1587535868
1587643761
1587711135
1588099481
1588286349
1588309592
1588353339
1588410315
1588492244
1588735104
1588806414
1588808625
1588942603
1589111171
1589219026
1589334031
1589575197
1590001075
1590083127
1590108084
1590183071
1590551937
1590679193
1590884715
1591084776
1591262256
1591502355
1591659112
1592092026
1592264620
1592668188
1592743131
1592745290
1592937637
1592986468
1593076342
1593252777
1593424985
1593488533
1593754587
1593883196
1594016117
1594378836
1594389551
1594445415
1595459987
1595838393
1595963324
1596951777
1596977060
1596990245
1597137507
1597193455
1597583581
1597950173
1597988931
1598241703
1598314683
1598562040
1598733965
1598841328
1598843181
1599062134
1599298263
1599323679
1600622789
1600967731
1601511061
1601889996
1602019019
1602126588
1602574649
1602608122
1602744952
1602854117
1602872827
1602990506
1603093388
1603683878
1603689929
1603811886
1603873504
1603884417
1603895102
1603908569
1603912731
1604040193
1604245366
1604617144
1604835465
1604841409
1604972428
1605111969
1605187815
1605482927
1605508301
1605550806
1605771144
1605851817
1605955329
1605980540
1606202992
1606207761
1606257385
1606441601
1606837777
1606989893
1607177435
1607178131
1607319000
1607391231
1607461042
1607476026
1607732142
1608100988
1608112538
1608207171
1608252648
1608323184
1608401587
1608465293
1608606557
1608718974
1609083969
1609263659
1609342417
1609675552
1609730284
1609823559
1610162515
1610336730
1610399726
1610414870
1610455309
1610539005
1610667319
1610810950
1610895067
1610968824
1611076160
1611205624
1611216298
1611669695
1611754282
1611807644
1611945643
1611986203
1612307679
1612556690
1612837149
1613070858
1613242360
1613543836
1613764767
1614083023
1614156454
1614208227
1614550711
1614702874
1614908019
1615107939
1615206752
1615227350
1615242599
1615253781
1615290174
1615577639
1615836366
1616043679
1616169713
1616183107
1616551737
1616607225
1616679878
1616739393
1617060181
1617139805
1617451492
1617541815
1617549977
1617576945
1617844496
1617925481
1617995375
1618279160
1618350654
1618498106
1618653143
1618983612
1619052425
1619076023
1619103693
1619132233
1619202696
1619519723
1619664305
1619740931
1619776247
1620094965
1620124186
1620179146
1620180371
1620193428
1620297111
1620366288
1620556435
1620884265
1621556928
1622049388
1622099729
1622179536
1622271701
1622476288
1622517255
1622896848
1623385688
1623412008
1623601003
1624134956
1624411476
1624580527
1624762053
1624799124
1624980213
1625469601
1625575829
1626066401
1626668320
1627191206
1627302406
1627587691
1627859663
1627920305
1627995604
1628014504
1628030958
1628348754
1628375667
1629291530
1629544053
1629706707
1630289725
1630415819
1630933783
1630993550
1631547521
1631750595
1631915902
1632030175
1632472054
1632569809
1632846020
1633070078
1633233409
1633260911
1633264805
1633842396
1633871674
1633965296
1634137762
1635080318
1635080359
1635374265
1635923383
1636009804
1636010134
1636024453
1636127632
1636377015
1636534576
1636732326
1636778913
1636793563
1637095790
1637474913
1637603480
1637626050
1637676725
1637791713
1637800831
1637858483
1638024378
1638413609
1638523913
1638622897
1638624711
1638795993
1638908815
1638937907
1639241273
1639496033
1639532152
1639555801
1639589109
1639783484
1639907841
1640128266
1640521377
1640626192
1640740537
1640773708
1641034697
1641073903
1641167519
1641249171
1641734641
1641761622
1641887087
1641911938
1641935224
1642258990
1642711694
1642800331
1642893486
1642968079
1642971771
1643163790
1643222079
1643315194
1643428321
1643469160
1643779693
1643938053
1643957437
1643985141
1643992332
1644539403
1644766446
1644775431
1645341866
1645444035
1645802128
1645915035
1646197771
1646206240
1646324184
1646408229
1646489931
1646507210
1647431082
1647438829
1647876824
1648041768
1648239031
1648273735
1648450483
1648554905
1649048057
1649072859
1649185714
1650008258
1650088070
1650150884
1650460164
1650512239
1650658405
1651043739
1651131197
1651136879
1651151200
1651179419
1651337728
1651500240
1651632213
1651730827
1651946832
1652282389
1652313908
1652523738
1652599327
1652706312
1652953420
1652991326
1653116922
1653125491
1653227833
1653248814
1653518768
1653694239
1653722280
1653753850
1653969724
1654020972
1654351955
1654357631
1654614858
1654663744
1654757523
1654929486
1655260205
1655603200
1655606737
1655711728
1655737425
1655749292
1656058786
1656266758
1656631018
1656994925
1657053890
1657070690
1657288994
1657505018
1657534828
1657557481
1657769271
1657966756
1658507186
1658870898
1659075989
1659339905
1659643914
1660644460
1660815904
1660848987
1661152233
1661230412
1661696259
1662138594
1662233496
1662379479
1662893642
1663004177
1663025659
1663066816
1663329120
1663426601
1663549381
1663614146
1663941047
1663976566
1664023748
1664056073
1665148277
1665414355
1665624661
1665650370
1665697591
1665800719
1665823746
1665881352
1666005263
1666009352
1666016645
1666165252
1666168821
1666180633
1666181056
1666181210
1666181789
1666354068
1666479244
1667160499
1667419739
1667614535
1667709917
1668002688
1668199304
1668446687
1668562771
1668996211
1669159221
1669332621
1669371739
1669929919
1670027246
1670711233
1670936853
1670990743
1671436312
1671805186
1671866887
1672092973
1672115336
1672680780
1673079861
1673108256
1673125294
1673208075
1673580302
1674246875
1674276383
1674510436
1674643631
1674661727
1674913391
1674915894
1675371878
1676280115
1676403019
1676508097
1676542869
1676643404
1676662442
1676672700
1676700145
1676803131
1677040845
1677237331
1677439142
1677901293
1677917510
1678308795
1678656249
1678805707
1679028719
1679328715
1679466396
1679634330
1679641093
1679767258
1679836112
1680197693
1680404402
1680429075
1680530932
1680977917
1681229012
1681326699
1681365595
1681919784
1681920434
1681920536
1681989322
1682305784
1682402391
1682406467
1682535679
1682552048
1682602175
1683368031
1683462580
1683541461
1683925108
1683977797
1684156555
1684359282
1684659438
1685237896
1685269182
1685324835
1685998335
1686080655
1686590883
1686659125
1686760879
1686967706
1687060476
1687339496
1687443176
1687772951
1687805690
1687863437
1688042572
1688312089
1688364063
1688616984
1688790780
1688808913
1688955029
1688961893
1689434107
1689536955
1689594452
1689846719
1690097386
1690177739
1690227115
1690328180
1690409639
1690569042
1690874552
1691043164
1691395410
1691609611
1691996344
1692038206
1692061851
1692186731
1692711515
1692873150
1692926239
1692954214
1693077932
1693791571
1693816871
1693913225
1694232346
1694533906
1694727557
1694759084
1694979073
1695008575
1695189182
1695301341
1695318194
1695774787
1696198804
1696314834
1696328441
1696346528
1696534853
1696774186
1696960455
1697340381
1697480431
1697540223
1697575946
1697658407
1698179476
1698351485
1698908239
1698908755
1699048333
1699613829
1699619893
1699837343
1700005831
1700489042
1701125268
1701276723
1701335611
1701643068
1701659420
1701831261
1702258702
1702397392
1702466197
1702783644
1703076755
1703139034
1703143313
1703305922
1703440543
1703502670
1703512598
1703525497
1703626579
1703800166
1704261080
1704403712
1704600518
1704655820
1704819948
1704828944
1704860566
1704927232
1705148059
1705179728
1705757735
1705924651
1706337750
1706364006
1706613200
1706731339
1706839056
1706873419
1707004137
1707004183
1707017852
1707320133
1707395920
1707427094
1707619440
1707677245
1708031513
1708037840
1708513427
1708624072
1709064968
1709100207
1709195692
1709412238
1709485103
1709533061
1709753567
1709785312
1709951369
1710061323
1710123493
1710454721
1710457323
1710458523
1710458717
1710742552
1711038093
1711450527
1711527247
1711720741
1711820161
1712059088
1712121270
1712194724
1712596065
1712805847
1712873427
1713183207
1713408769
1713827256
1713831929
1713918881
1713999569
1714172845
1714173184
1714374432
1714509829
1714630550
1714680193
1714723305
1714805450
1714859079
1715116987
1715193758
1715265900
1715539656
1715667167
1716115080
1716115088
1716115169
1716115366
1716115397
1716115482
1716115524
1716254527
1716601901
1717128069
1717260702
1717260878
1717314201
1717402280
1718123363
1718821011
1718876702
1718937902
1718938206
1718938383
1718938415
1718938498
1719124774
1719146276
1719159282
1719211002
1719260874
1719307150
1719461024
1719625868
1719693491
1719707447
1719784489
1719867643
1719887060
1720102479
1721023499
1721077808
1721351881
1721357241
1721624635
1721821052
1722155287
1722206162
1722473329
1722800993
1723125565
1723408300
1723518542
1723698090
1723743774
1723780333
1723814960
1723840956
1723929912
1723943281
1724263038
1724264265
1724276610
1724493966
1724515320
1724730599
1724744686
1725022545
1725459663
1725673908
1726047934
1726202052
1726223568
1726252013
1726260907
1726381044
1726470102
1726618391
1726769758
1727432630
1727437719
1727444314
1727703105
1727757164
1727810693
1728466099
1728521150
1728523150
1728637125
1728751006
1728796687
1728952817
1729084520
1729116281
1729277037
1729293129
1729413474
1729575866
1730690615
1730690691
1730967302
1731086141
1731560954
1731905739
1731996175
1732412280
1732412670
1732539696
1732662086
1732886330
1733037088
1733078383
1733343393
1733542570
1733661913
1733695319
1733756265
1733797869
1733902541
1733926686
1734862827
1734923591
1735076818
1735207604
1735514533
1735597202
1735980436
1736028594
1736192740
1736359687
1736397134
1736516209
1736639730
1736746512
1736747889
1737041787
1737151219
1737296639
1737407602
1737510373
1737674558
1737704348
1737846190
1737878285
1737929880
1738227834
1738303925
1738393924
1738550343
1738754210
1738773648
1738799067
1738841174
1738912428
1739108580
1739356719
1739373518
1739373810
1739647003
1739664423
1739954202
1740428769
1740510806
1740594155
1740666577
1740795832
1740835917
1741285113
1741358633
1741589082
1741892776
1742047978
1742274110
1742437895
1742771842
1742997428
1743238861
1743415580
1743560200
1743641570
1743716202
1743739112
1744148136
1744219124
1744336990
1744602966
1744703326
1744751032
1744947509
1744990852
1745019344
1745613309
1745792666
1745869723
1745902981
1747124342
1747745393
1747745844
1747746700
1747764447
1747790821
1747792085
1747831357
1747844712
1747973739
1748244598
1748455202
1748646927
1748651801
1748724463
1748840529
1749120573
1749147957
1749201553
1749207427
1749245680
1749397421
1749649668
1749886143
1750152499
1750402515
1750434819
1750456466
1750532697
1750743727
1750975164
1751180851
1751187652
1751301500
1751371762
1751471148
1751642695
1751644196
1751822541
1751956107
1752138229
1752293730
1752414399
1752488593
1752518860
1752524071
1752701040
1752796028
1752941245
1753085848
1753246267
1753341221
1753740106
1753807238
1753985330
1753998800
1754032059
1754258063
1754386129
1754808507
1755067020
1755688654
1755884168
1756529050
1756787963
1757331131
1757743199
1757897799
1757968160
1758164354
1758264859
1758529244
1758596036
1758766829
1758941495
1759057705
1759185756
1759193914
1759407629
1759636485
1759644903
1759770979
1759991049
1760045595
1760048168
1760080949
1760424552
1760857165
1761444478
1761908601
1762038023
1762126698
1762296197
1762318807
1762607351
1762711233
1763310862
1763435606
1763463257
1763659626
1763673881
1763906282
1764193383
1764251658
1764315137
1764441718
1764551374
1764724062
1764804328
1764825469
1764959336
1765055950
1765135659
1765149386
1765335017
1765693640
1765737893
1765907602
1766005322
1766188466
1766374465
1766444500
1766976135
1767011324
1767143162
1767283009
1767376561
1767622613
1767642886
1767663058
1767695076
1768058949
1768182012
1768306268
1768308837
1768441213
1768514811
1768616411
1768640855
1768794307
1768805394
1768850540
1768913401
1768929498
1768998222
1768998706
1769007544
1769032411
1769228647
1769239962
1769253681
1769260064
1769353485
1769374796
1769512868
1769544310
1769597439
1769603651
1769603845
1769727513
1769815883
1769832738
1769875747
1769898359
1770146794
1770175057
1770318544
1770328038
1770430293
1770486003
1770521220
1770560705
1770786863
1770788284
1770804122
1770961021
1770990742
1771220077
1771231212
1771293294
1771324828
1771337893
1771421018
1771445543
1771452571
1771480587
1771548034
1771642293
1771680082
1771726115
1771845934
1771848433
1771901764
1771914961
1771933675
1771934508
1771954960
1772098939
1772419295
1772602980
1772726385
1772756019
1772960629
1772978528
1773492102
1773532911
1773958781
1775057106
1775112520
1775998101
1776240577
1776677876
1776679999
1777066228
1777470018
1777634081
1777788819
1777834752
1778131912
1778614271
1778757261
1779195792
1779284749
1779636906
1780149397
1780196243
1780245698
1780405935
1780866536
1780870231
1780884491
1780905350
1781546030
1781634571
1781859248
1781994609
1782010340
1782248548
1782878538
1783111171
1783314449
1783359111
1783567777
1783569730
1783597421
1783659364
1783715320
1784296907
1784297886
1784298743
1784299401
1784299759
1784636846
1784734909
1784757253
1784810554
1785301806
1785712989
1785940485
1785983771
1785991209
1786162244
1786293898
1786482639
1786880204
1786940394
1787488132
1787576404
1787735340
1787771513
1788196823
1788474884
1788849821
1788857730
1788967966
1789236175
1789241559
1789316564
1789534036
1789567646
1789971877
1790098095
1790177449
1790270366
1790538471
1790863463
1791059187
1791243961
1791244046
1791318688
1791414947
1791442394
1792343076
1792711425
1792981568
1793244156
1793294816
1793927910
1794153521
1794165546
1794309378
1794358647
1794405194
1794521093
1794613845
1794778824
1794781450
1794983229
1795014757
1795485785
1795508645
1795509782
1795698096
1795755076
1796282459
1796314144
1796668969
1797446265
1797866685
1798073854
1798123380
1798344388
1798771440
1799231762
1799252107
1801346799
1801708081
1802269956
1802387697
1802542122
1802679360
1802910721
1803105073
1803272519
1804140983
1804468102
1804747879
1804883248
1805588878
1806151596
1806692221
1806820130
1809170859
1810594404
1811693819
1812199089
1812803816
1813046284
1813446995
1813503632
1813542733
1813670176
1815128706
1815181885
1815505083
1815987905
1818119776
1818343671
1818357358
1818428900
1819264996
1819566062
1820416838
1820530390
1821218549
1821399873
1823709728
1823792001
1823822926
1824157585
1824641874
1827897678
1828023481
1828051619
1828688843
1829496726
1829564203
1829760030
