1001591696
1002259145
1005689250
1006173000
1006414873
1006557991
1006974447
1007053996
1008452319
1009872073
1010827620
1011668648
1012483992
1012723880
1013225660
1015956286
1016037208
1017325738
1018381396
1019576853
1021703062
1021844963
1022440073
1025080737
1026353242
1027533063
1028908750
1030232536
1030685050
1031099411
1031142740
103203449
1033048640
1033355762
1038357955
1038514498
1038641289
1038734842
1039087886
1039481487
1039708229
1039991663
1040190323
1040481018
1040614570
1041201977
1041801905
1042017993
1042359810
1042361179
1042465970
1042631089
1043196031
1043994904
1044196249
1045736181
1045990056
1046992703
104913043
1049183167
1049341702
1050298530
1050462261
1050832450
1051557000
1052378769
1052989183
1053286648
1053299163
1053898371
1054756823
1055023155
1055044256
1055169471
1056200096
1056811220
1057714949
1058589696
1059509178
1059597638
1061361026
1062418176
1065019039
1065492988
1065964913
1065973428
1067344634
1067511695
1067953235
1068207118
1068281273
1068940771
1070016067
1071231748
1072170823
1072618042
1073223182
1073226719
1073764131
1074070278
1074273788
1074394632
1074507850
1075393336
1076242825
1076405618
1076436648
1076977666
1078714736
1078852670
1078891380
1079172742
1079396014
1079598542
1079667052
1079952715
1080467174
1080871005
1081124929
1081244497
1082012464
1082678396
1083324677
1084245525
1086081470
1086482346
1087147821
1087153823
1087684663
1088041310
1089047924
1089216339
1089649401
1089973241
1090666976
1090822398
1091005446
1091374076
1091772717
1092361338
1093028505
1093320744
1094372050
1094930525
1094933214
1095176665
1097195202
1097326296
1097371866
1097559758
1097862282
1098194172
1098413063
1099277290
1099630309
1100989049
1101188452
1102065299
1102542266
1102859089
1104682320
1105145426
1105991757
1106209658
1106620664
110837455
110866851
1108922494
110916650
1109271715
1109596549
111065122
1110860681
1111156893
1111796513
1111831730
1113585468
1114209557
1115024566
1115332286
1116303051
1117202653
1117747822
1118021380
1118867383
1119108201
1119223006
1119389968
1120885936
1121082346
1121391184
1122046166
1122804248
1123922160
1125252777
1126660051
1127724771
1128955736
1130400252
1130759240
1130949326
1131785604
1132167337
1133835109
1134439359
1135137367
1135332109
1136293924
1137724528
1138081298
1139265922
1139672164
1139873347
1140596919
1141563910
1141877104
1141897390
1141971978
1142107621
1142181902
1142790530
1143223929
1143630029
1144137857
1144280043
1145089790
1145222943
1146844873
1146941306
1148175292
1148183612
1148704291
1149338819
1150124880
1150510297
1153119945
1153802025
1154105909
1155205594
1155283656
1155392992
1155846302
1156139465
1156315785
1156343076
1156526674
1159389250
1159749342
1159979881
1159993987
1159999971
1160019971
1160895422
1161063301
1161261587
1161672377
1161775834
1162447122
1163127636
1163599059
1164003972
1166004782
1166015603
1167551068
1168126157
1170932252
1172218725
1172286003
1172889381
117488860
1175746628
1175970249
1177068388
117752146
1177655145
1178113915
1178337794
1178620820
1178704872
1179629560
1181154045
1181589165
1181589175
1182084796
1183093544
1184022695
1186056137
1186098620
1186480811
1186586724
1187770032
1188174642
1190094109
1190341231
1190981360
1191143178
1191274361
1191677300
1191775648
1192992870
1193068130
1193611459
1194755213
1195001633
1195484262
1195586628
1197082547
1197095887
1197693998
1198732014
1199768588
1202247341
1202441485
120311449
120316173
120329020
1203393721
1204044507
1204521130
1204570053
1204701206
1205030005
1205359334
1205816713
1206006469
1206119204
1206165808
1206175991
1206243851
1207023461
120724941
1207876943
1208024744
1208288830
120867842
120906714
1209559177
1209601557
1209896809
1210383304
1210741497
1210879676
1210975738
1211149582
121362031
1213962617
121493645
121493804
1215420422
1215439780
1216703941
1217317699
1217734014
1217853555
121896233
1219400787
1219663574
1220546899
1221028051
1223764016
1223778377
1223780082
1223803641
1223829764
122384595
1223882233
1224534483
1224741037
1224920762
1225060202
1225204588
1225760210
1227060738
1227526759
1227816834
1227863378
1227872143
1227971746
1229128411
1229434818
1231248537
1231454883
1231828055
1231999492
1232009882
1232024601
1232428553
1233384453
1233834541
1234320525
1235836821
1236778275
1236907421
1237796990
1238425070
123885923
1239234534
1239473998
1239556187
1240834066
1241167838
1241386674
1242028887
1242362873
1242377947
1243635889
1244348213
1244713881
1244784611
1245307962
1246494475
1246553684
1247146656
1247652431
1248791331
124921198
1249753246
1249754020
1250599915
1251196416
1251517753
1252417787
1252608081
1252638476
1253186678
1253577906
1254001472
1254061093
1254075020
1255922966
1256091892
1256723502
1257126028
1257202425
1257473018
1257555495
1257987923
1258988092
1259233625
1259407822
1259505930
1259579050
1260181429
1260262855
1261679921
1262351840
1262594123
1264424015
1264449047
1265002699
1266640782
1266745353
1268507895
1268632042
1269131933
127051968
1271147429
1271249164
1271261548
1272970334
1272973183
1273606075
1273643094
1275078406
1276187422
1276705357
1278815517
1279125838
1279731673
1280417890
1280795058
1281073227
1281287693
1281324292
1282002114
1282663738
1283167908
1285761791
1285840883
1286818575
1287045603
1287225837
1288568564
128859062
1288641267
1288982307
1289289851
128929173
1289485603
1289518930
1291058235
1291423644
1291579828
1292069401
1292172441
1292333246
1292381204
1294154339
1295289748
1295718287
1296178074
1296350485
129684370
1297180610
1297439270
1297791208
1298055025
1298070041
1298314174
1298524185
1298703768
1299826850
1299915173
130068596
1302033171
1302281912
1302295524
1304192102
1307768590
1308717668
1310192007
1311300286
1313152833
1313596069
1313660749
1314759544
1315040130
1315130780
1315652782
1316083901
1317356120
1317493077
1317853625
1318276878
1318335827
1319947289
1320118593
1320641198
1320696072
1321060753
1322200189
1322425705
1323537886
1324222820
1324249769
1324765509
1326393257
1328133465
1328909114
1329995882
1330225136
1330503321
1331351609
1331816080
1332383970
1332506864
1333090403
1333246914
1333552422
1333689889
1334767397
1334808138
1334878780
1335814741
1336150688
1336152302
1336515208
1337195586
1337718773
1339729427
1339976762
1340500073
1340505607
1341391964
1342372520
1342503128
1342819396
1343326958
1344988488
1344999619
1345672009
1345682353
1345718644
1346755348
1347699348
1347735219
1348032695
1348100995
1348392537
1348446973
1348777092
1348818313
1348831124
1348856817
1349060136
1349652154
1349918061
1350586048
1351158366
1351389458
135158768
1352546554
1352791315
1352800687
1353158484
1353418080
1353905337
1354162964
1354195914
1354199860
1354228426
1354611827
1354997107
1355191009
1355212895
1355302117
1356231850
1358381502
1358793371
1359035306
1359664915
1359815593
1360125299
1362050907
1362761080
1362910749
1363182054
1364665348
1364825229
1365972671
1366535840
136697669
1367773989
1367972308
1368081567
1368608676
1368737097
1369340674
1369393780
1369567177
1370092284
1370096738
1370394846
1371645572
1372967640
137329814
1373776577
1374027962
1374479140
1375356188
1375630453
1376929139
1377151103
1377843908
1378040733
1378618386
1378685290
1379050662
1379959217
1380008439
1380372501
1381228499
1381257272
1381520554
1382085958
1382789861
1382804627
1384340274
1385119716
1387547319
1387670973
1388645349
1389231303
1389930082
1391483100
1392875646
1393845532
1395694681
1396012587
1396546917
1396697981
1398109102
1398442165
1398499798
1399356222
1399969550
1400082430
1400619970
1400828889
1401017786
1403189802
1403202032
1403813337
1404380126
1404421865
1404548949
1405163532
1405972616
1406534739
1406537385
1407481308
1407577718
1407606863
1408102830
140847216
1408585620
1409480698
1409481160
1410296631
1410459662
1410507212
1410611499
1411446648
1411706853
1412385193
1413374332
1413583065
1414384043
1415377543
1415529091
1416206538
1418110151
1418960261
1419732648
1420488036
1421573955
1421781634
1421968445
1422483488
1422814215
1422830638
1423306695
1423733399
1423759123
1426530582
1428290303
1428704212
1430037465
1430315931
1431121413
1431648914
1432242042
1432369172
1432636003
1433530822
1433966613
1433967596
1434060078
1434243584
1434325875
1434371530
1434459059
1434465245
1434567001
1434702387
1434896760
1434928546
1434974629
1434998130
1435131443
1435516849
1435741220
1435790034
1436014494
1436122458
1436253540
1436315811
1436401528
1436616330
1436752562
1437002676
1437219549
1437525441
1437682381
1437752030
1437808691
1438024613
1438054347
1438127380
1438169130
1438182646
1438351534
1438542265
1438693426
1438693620
1438982040
1439253218
1439372633
1439389828
1439466346
1439580309
1439621652
1439975046
1440051086
1440083927
1440084148
1440138249
1440300401
1440334876
1440355498
1440529681
1440580067
1440719849
1441032838
1441095668
1441251826
1441342580
1441469282
1441595858
1441708044
1441789630
1441798734
1441968078
1441981338
1442125298
1442164847
1442950743
1443666680
1443678424
1444117050
1444456380
1444520320
1444653700
1444764596
1445044546
1445054297
1445504540
1445604871
1446051252
1446141086
1446371409
1446476036
1446487170
1446874607
1447198778
1447308241
1447407862
1447545040
1447672084
1447780169
1447892344
1447898172
1448003722
1448151398
1448261954
1448284019
1448662475
1448973714
1449022048
1449045549
1449052830
1449055902
1449192745
1449220604
1449267027
1449284139
1449307021
1449341581
1449428361
1449500734
1449553339
1449728710
1449732621
1449757372
1449779475
1449884495
1449986985
1450011728
1450121744
1450204554
1450215523
1450277129
1450544547
1450960226
1450994021
1451109634
1451137834
1451143962
1451243979
1451566603
1451676874
1451781849
1451965530
1452058531
1452116115
1452121762
1453202446
1453555416
1453788965
1453893043
1453910942
1454021155
1454097755
1454112457
1454655918
1454680607
1454855065
1454868999
1455397001
1455668750
1455717403
1455784513
1455870257
1455989587
1456152559
1456258919
1456467014
1456539406
1457141569
1457325421
1457336351
1457402220
1457514703
1457552694
1457648702
1457920399
1457999881
1458102218
1458232370
1458257810
1458299211
1458442057
1458654443
1458661510
1458672189
1458792155
1458945676
1458992375
1459121546
1459259844
1459381204
1459421450
1459557690
1459657136
1459674187
1459884105
1459899343
1459918086
1459993408
1460030305
1460047965
1460051721
1460147025
1460224265
1460334766
1460408931
1460716677
1460805013
1461144682
1461493575
1461494159
1461717667
1461771083
1461771992
1461857952
1461884747
1462096941
1462161274
1462188082
1462214964
1462292882
1462498691
1462650519
1462681901
1462685560
1462839833
1463081342
1463118809
1463219123
1463309006
1463411709
1463547394
1463979546
1464038604
1464461126
1464473810
1464524725
1464610311
1464766741
1464771098
1464919521
1465180254
1465181848
1465273008
1465334342
1465473031
1465767420
1465879260
1466001107
1466166364
1466167418
1466330985
1466670293
1466681015
1466686717
1466697207
1466800061
1466824259
1467014230
1467370704
1467438756
1467823230
1468013270
1468332063
1468533126
1469151663
1469311474
1469338483
1469395897
1469466722
1469467358
1469643813
1469980054
1469999563
1470058830
1470779784
1470873097
1470895238
1471015571
1471188269
1471202833
1471432747
1471581521
1471986787
147247199
1472870897
1472888443
1473626965
1473703394
1473722490
1473854035
1474245040
1474429475
1474431037
1474547470
1474558908
1474677662
1475116211
1475142665
1475422450
1475486523
1475672610
1476381380
1476392010
1476442382
1476651914
1476754361
1477200570
1477287015
1477323816
1477386458
1477409118
1477610450
1477773466
1478027784
1478125187
1478188105
1478460758
1478471035
1478573626
1478746415
1478786688
1478938636
1479074542
1479107698
1479120204
1479234915
1479266398
1479455008
1479973402
1480059697
1480060049
1480263708
1480270157
1480311435
1480370173
1480583664
1480595648
1480610796
1480627722
1480754962
1480756622
1480790596
1480845603
1481135244
1481254566
1481398762
1481569423
1481635658
1481898329
1482070333
1482211846
1482430142
1482455669
1482575855
1482650244
1482669176
1482680261
1482713710
1482806553
1483513974
1483842627
1483926714
1483983918
1484287750
1484438529
1484511465
1484856889
1484912138
1485129718
1485306667
1485435369
1485448436
1485527143
1485673378
1486210336
1486229281
1486505917
148669132
1487143525
1487513861
1487829595
1487845680
1487852925
1488203246
1488424047
1488499843
1488523269
1489356239
1489482036
1489598791
1490243726
1491050570
1491227906
1491608745
1491626174
1491849710
1492380211
1492522740
1492584441
1493287286
1493453604
1493507673
1493668318
1493806566
1494032794
1494064011
1494167201
1494246435
1494731140
1494781373
1494781891
1494898665
1494949700
1495061618
1495084850
1495411614
1495710329
1495714614
1495768510
1496024027
1496034764
1496055021
1496845323
1496856996
1496988806
1497438573
1497491972
1497808783
1497816177
1497999509
1498200241
1498382420
1498541229
1498802610
1498806952
1498855031
1499140700
1499391906
1499409058
1499416498
1499562159
1499646507
1499652547
1499653347
1499653491
1499796514
1499880546
1499973481
1500066831
1500233971
1500237427
1500323023
1500444735
1500663458
1500789777
1500830572
1500919715
1500927263
1501029683
1501210104
1501313369
1501433969
1501506554
1502114243
1502150213
1502189652
1502326394
1502728938
1502782720
1502871393
1502942214
1502954097
1503267615
1503346367
1503375651
1503740738
1503850782
1503897906
1503907060
1503994111
1504250328
1504360345
1504486636
1504732282
1504752194
1504760110
1504819920
1504895463
1504903251
1505116116
1505236798
1505624059
1505748042
1505843600
1506207997
1506303807
1506469669
1506640611
1506779922
1506931491
1507161849
1507329859
1507423923
1507444393
1507621076
1507752734
1507834679
1507839530
1508050037
1508098400
1508522747
1508544490
1508585135
1508626416
1508853364
1508865892
1508929443
1509097230
1509598778
1510010482
1510365500
1510504610
1511113374
1511121397
1511288113
1511621571
1511786733
1511970110
151230264
1512413386
1512592526
1512664318
1513236996
1513315657
1513421081
1513602173
1513765512
1513775234
1514833386
1514880062
1514968525
1515040562
1515111476
1515133543
1515207646
1515419751
1515607844
1515786216
1515963226
1516093381
1516101147
1516131058
1516194847
1516343565
1516486486
1516486802
1516488508
1516852358
1516984733
1517001226
1517172761
1517244073
1517651197
1517710810
1517748836
1517882922
1517954480
1518435827
1518522329
1518839824
1518903701
1519114534
1519456164
1519901948
152016440
152016513
152022135
152024419
1520403988
1520478402
1520520910
1521578868
1521619380
1521653058
1521693509
1521870190
1522131146
1522251774
1522372858
152249110
1522555969
1522604114
1523090326
1523351030
1523507379
1523543528
1523584878
1523712088
1523729084
1524080195
1524173209
1524223574
1524487980
1524542570
1524688425
152490967
1524912994
1524933278
1525423507
1525432576
1525612274
152564324
1525750966
1525807626
1525894962
1526329939
1526490428
1526682330
1526697745
1527280716
1527303066
1527609854
1527829688
1528040283
1528390370
1528535502
1528594034
1528921370
1529104995
1529105587
1529106083
1529124116
1529322197
1529331922
1529341876
1529499626
1529525092
1529658898
1529866617
1529887342
1529931681
1530045491
1530051787
1530092198
1530100372
1530261634
1530845100
1530876602
1530938338
1530961615
1531416289
1531522658
1531584100
1531898121
1532262306
1532270716
1532284669
1532287003
1532380394
1532398472
1532816291
1532894981
1533115958
1533130572
1533428884
1533462141
1533487681
1533533467
1533588262
1534009830
1534324153
1534338804
1534519469
1534772498
1534970196
1535297449
1535328010
1535358465
1535403320
1535408667
1535616852
1535855038
1535882542
153593268
1536292510
1536352412
1536602910
1536700147
1537395533
1537732906
1537763107
1537788786
1537933985
1538223214
1538224217
1538289354
1538474515
1538552626
1538666749
1539310505
1539535133
1539546360
1539644195
1539704292
1539709262
1540193315
1540621732
1540849480
1540896400
1541093380
1541404400
1541508234
1541777977
1542553694
1543252280
1543456877
1543476170
1543574750
1543615866
1544010323
1544239486
1544438905
1544812283
1545088377
1545205930
1545439016
1545576173
1545744482
1545785245
1545805204
1545953110
1546027998
1546275678
1546456269
1547078697
1547088092
1547409175
1547453193
1547855593
1547861330
1547995674
1548040494
1548251094
1549161251
1549326210
1549388085
1549433407
1549637737
1549719303
1549903604
1550269850
1550450201
1550477678
1550663163
1550921034
1550944310
1550958730
1551162705
1551492441
1551579084
1551644089
1551754276
1551760175
1551805857
1552028546
1552305130
1552618594
1552734386
1552822206
1552942976
1553199104
1553772490
1553942392
1554097435
1554132477
1554318259
1554578197
1555137542
1555403722
1555756767
1555999132
1556032684
1556304196
1556376394
1556472772
1557086266
1557275233
1557367493
1557557205
1557913088
1557940210
1558008884
1558041614
1558483834
1558510104
1558828297
1559120677
1559241188
1559242124
1559300934
1559966912
1560202099
1560337631
1560900734
1561371265
1561388976
1561409235
1561478045
1561635433
1562683557
1562764710
1563085598
1563129428
1563239356
1563421928
1563489306
1563775446
1563966720
1563987042
1564113746
1564113869
1564661342
1564662212
156483197
1565044786
1565671938
1565741041
1565828578
1565845318
1566054936
1566223775
1566266970
1567064098
1567659047
1567665859
1567957579
1568505888
1568971610
1569130932
1569755218
1569800816
1569883308
1570094249
1570095481
1570695066
1570764990
1571158839
1571194279
1572302975
1572881394
1573246329
1573560247
1573764804
1573961841
1574039703
1574214154
1574395049
1574561959
1574802514
1575271882
1575369669
1575781850
1575788216
1575957255
1576234209
1576261335
1576266622
1576749619
1577126250
1577258582
1577471264
1577556965
1577613725
1577864998
1578184140
1578324041
1578773459
1578892272
1579040306
158029989
1580881826
1581019716
1581058922
1581271335
1582110322
1582758729
1582863762
1582896877
1583132133
1583512254
1584422714
1584474367
1584838476
1584931417
1584947419
1585058146
1585204338
1585424238
1586061509
1586197367
1586819866
1586909557
1587372178
1587763116
1587816694
1588114243
1588156154
1588413966
1589146097
1589852930
1589860985
1590573834
1590614804
1590853667
1591095413
1591461032
1591653048
1592149529
1592729315
1592745290
1592823205
1593883196
1593884827
1593908027
1595160782
1595590107
1595790242
1595963582
1596335407
1596355978
1596379667
1596677714
1597678826
1597761181
1597828386
1598101482
1598182546
1598631098
160075139
1601235629
1601531428
1601656415
1601709306
1601866558
1602541473
1602714963
1603011962
1603151366
1603639502
1603749412
1604218333
1605251516
1606458533
1607369690
1608230191
1608813794
160892972
1609316154
1609700246
1609730284
1609986124
1610131619
1611216298
1611233412
1612090432
1612281974
1612460883
1612693094
1612875889
1613459129
1613604937
1614253637
1614825110
1615086704
1615568034
1615637188
1615637724
1616519878
1616706265
1617276298
1617328146
1617461155
1617688104
1618050230
1618084297
1619150098
1620275436
1620562792
1620971837
1621075170
1621097400
1621461140
1621748407
1621757273
1621915721
1622316426
1622433434
1623197303
1623673571
1623883114
1624411476
1626162594
1627113682
1627291687
1627340929
1627341228
1627526461
1627920305
1628384752
1628665244
1628964677
1631203738
1631949010
1633676383
1634676914
1634842284
1635211340
1635374692
1635615050
1637206063
1638918169
1639553145
1639561921
1639583092
1640115578
1641390413
1641568639
1641587501
1641743797
1641771092
1641793066
1642995848
1643929715
1643946763
1643974551
1644763186
1645380849
1645921498
1645926587
1646152812
1647910854
166360307
1680973220
1683802600
169078375
169241193
171980194
173001861
173429229
1769995221
1779147139
179237749
179237854
179950332
180696323
182942627
186884743
189330872
191636169
194167775
196050704
200323953
201291272
201680433
201806599
201853034
203844864
204570355
204935202
206404080
206603090
207724573
209859739
210065679
211207100
212382281
213533155
214017745
214232151
214663465
215529509
216013968
216015753
217999782
218282043
220075115
220400371
250147598
250780534
251299460
252618197
252820844
253191823
256580326
257473028
257719552
258530615
260335249
261465941
261548701
261654474
261786876
262026995
262049161
262049187
262251823
262254981
262317288
262750202
266391367
267142101
268003768
268565125
268845043
268942353
270128470
271206562
271719598
272006336
272824755
273537688
273881728
274583068
274657197
274994551
275260836
275834665
277975394
278128007
279428154
280272386
280789489
281261324
281315460
282795787
283605519
283908977
284012446
284067914
284220611
287031335
288159649
288472896
290055666
290783428
291685610
292651411
292681379
292725275
293704040
294535527
294809296
295247540
295647558
296237493
297398964
297409792
299436963
300973784
301670981
302000822
302836052
303127788
304481704
304855471
305561100
306106212
306390087
306759846
306992520
312900254
315114957
316045799
318692077
318931988
321980603
323369806
325404506
325418914
326120877
326301337
326305731
327760868
329875043
329937558
330446233
332029316
333225899
334204277
334633370
336817472
337713843
339986758
341623264
341651977
341813080
343580439
347874892
348527831
348528468
348690336
350359306
350580455
351096296
352660924
354139779
355421944
355711726
359208879
360084272
360543134
363368392
367330921
367825854
370801678
370842767
370995272
371045355
378425347
381704095
381972795
382083034
382083302
383084001
384231270
384232896
384233048
384233225
385582637
385634612
386483997
387232684
387601688
387875756
388145863
393107187
393525078
394242270
394958297
395398750
395605774
395631522
395738416
396452781
396903391
399194760
399227991
400254947
400379025
400401604
401170117
404963432
406782386
408288286
409287913
409450648
410332004
411665520
412308695
412308812
412678859
413551999
415535037
415842414
415983183
417826820
418368811
418751172
419431305
420447017
420929545
421863760
424914578
425659636
427377900
427962594
430333725
431160869
431167790
433416409
434439476
435836905
437299706
437474360
437788220
438896324
439843599
439886085
440985304
442136254
443248638
443517292
444083093
446260322
447463483
451295014
452552525
455564148
458066753
462025066
462415188
463700741
463700760
463701000
463701671
468636339
470622782
470623037
470623173
470623801
470624027
473757255
474557774
474787597
475878118
477248343
477929626
478339214
478840375
480486345
481026239
481634528
483605529
487237857
489369498
492693332
493253759
493890455
496189056
496797178
496893300
498217683
498848478
501575043
502414581
503482646
503494956
505246808
507135865
508376907
508813774
513611341
514748675
515562086
517589332
518082771
521594713
521945322
523121474
523508661
524978407
526344564
527446250
527579475
528458508
528826104
529997900
532661418
533058860
535121941
535497940
535608030
536209167
536258179
538608536
539353977
540187826
540593710
541481026
545542509
551719271
552276825
553604212
553611167
558364221
561470997
561904920
563933198
566985370
567030388
567051894
569533150
570256898
571304212
572466171
576428697
577192220
577245086
579999452
581790263
583254241
584543823
585103759
585914973
588325774
591460709
592284993
593355728
594419649
596047499
598525381
603173915
603375050
604177167
604656349
606662761
617028866
617416468
619369512
622370462
626129639
630200082
634849197
634849863
640246578
641357669
641836403
641975086
643055307
646582036
647024018
650045209
652421289
653016185
656868743
660921339
663872027
665149280
665964031
668174671
668541939
670199157
670771965
672249013
673775572
673995033
680884572
684370851
687391329
687598126
689871918
689959380
697893300
703720228
703889772
705335155
705474769
705934263
706421907
706518211
714059341
716934852
717407884
717428711
719115987
719431987
730188152
730254722
733163012
73329284
73329293
73329404
73329638
73330501
73330606
73330642
73330785
73330895
73330911
73331490
736826307
73799860
73801817
73802197
73802266
73802466
73802687
73802706
73802717
740675898
741606139
74171648
743537890
74374416
743822914
745001891
74837195
74844126
75551187
769189585
77001367
772127662
783827908
784889506
78561049
788236947
79016499
79018355
790864884
791316884
792555885
793745730
794030859
79497140
802485319
802996636
804982781
806364627
80693391
80867514
811377230
812399885
817756935
817871218
818198322
81934659
82014403
820806390
821698225
821746377
822436884
826420969
831100527
831705380
832481615
833641766
834314596
834515877
840308131
840531305
840534227
840986946
84246334
842593579
842818711
844097982
844226142
847775354
848106244
849873886
862714883
862717788
868123198
870095971
870332340
875159866
876523888
877968260
880791662
883011006
885960517
886563476
886930049
888420325
890348705
890669474
892107837
892779679
895918183
896153632
896417058
896881401
900015782
902749218
904025246
908153168
908945209
909042398
909109652
909552816
910990031
911042029
911502027
912190084
912241032
913840678
914088438
91472687
91473880
916463101
91689834
917288490
918152703
919219256
920898575
923957904
925716116
927263663
928069318
928933489
929751982
931714873
932492307
932630328
941219323
941907967
942048597
942126974
942777522
944770208
945391064
946895107
947191070
947950892
948455550
948913991
949238697
951501034
953290300
953905668
954072332
954096819
954100822
955100693
955198749
955596067
956154836
956995247
957163760
957265404
958230465
959436323
959532194
961385822
963144241
963583140
963597166
964644561
965417235
965818306
966029848
96779509
968638424
969519520
969793721
971506193
971520578
971959728
976331027
977764092
978029209
978052928
978322714
979020229
979609843
981330533
981834425
982003188
982980293
983795625
984771479
985750750
986595124
987590919
987967575
990753230
991862468
992277217
994349813
994593129
996151267
996219697
998568017
998790026
999098861
