73329284
73329293
73329404
73329638
73329771
73330187
73330188
73330326
73330425
73330501
73330528
73330572
73330606
73330618
73330642
73330667
73330715
73330785
73330855
73330895
73330911
73331167
73331209
73331296
73331298
73331490
73331713
73796947
73799525
73799860
73800083
73801401
73801588
73801638
73801817
73802197
73802266
73802466
73802554
73802687
73802706
73802717
74071760
74171648
74241109
74374416
74391974
74837195
74840240
74844126
74942331
75089978
75519213
75551187
75648468
76776428
77001367
77320816
77407482
78249893
78291455
78304589
78370505
78518945
78561049
78605061
78657474
78761697
78775671
78805190
78833595
78937420
78943798
78995043
79016499
79018355
79497140
79501123
79681292
79681317
79687345
79895931
80013534
80693391
80867514
81200242
81200244
81200245
81200246
81210923
81345425
81934659
82014403
82775064
83324702
84246334
86243503
86997870
89603501
90983408
91472687
91473880
91689834
92723614
94688506
94793843
96779509
98746009
101248932
101820253
102800259
103203449
104913043
107629726
107853050
110837455
110848064
110866851
110916650
111065122
117393314
117488860
117752146
118201170
119788564
120311449
120315179
120316173
120316245
120329020
120724941
120867842
120906714
121302395
121362031
121393815
121493640
121493645
121493675
121493688
121493804
121534955
121896233
122384595
123885923
124116392
124686671
124921198
127051968
127842171
128859062
128929173
129144284
129174507
129408992
129684370
130068596
130291807
133505292
135061239
135067274
135067306
135158768
135789411
136697472
136697669
137329814
137331381
137331757
137332181
137699414
138155144
138581935
140847216
147232181
147247199
147907532
148669132
150892556
151230264
152016440
152016513
152022135
152024419
152249110
152490967
152564324
153593268
156469473
156483197
158029989
160075139
160782983
160835381
160892972
160904630
160993127
161038776
161304362
161305549
161305550
161305551
161306632
161320202
161320292
161573618
165764097
166360307
168165898
169078375
169241193
171980194
172902754
173001861
173429229
174890525
176825464
177585541
178083008
179237749
179237854
179927309
179950332
180696323
181371817
182942627
184544517
186884743
188674007
189053885
189330872
190516844
191303933
191636169
192801681
194167775
196050704
197875368
200323953
201291272
201376301
201671138
201680433
201806599
201853034
202955705
203222780
203228276
203426032
203844864
204570355
204935202
205275027
205372733
205578441
206125655
206222584
206404080
206603090
207118381
207251905
207698746
207724573
208643372
209377688
209631620
209859739
209991975
210065679
211207100
211752923
212382281
214017745
214089682
214232151
214663465
215010467
215517191
215529509
216013968
216015753
216478078
216713308
216763425
217932939
217999782
218187932
218282043
218453800
218916008
220075115
220400371
250147598
250392840
250500859
250780534
251299460
251471480
251507798
251545184
252251368
252493329
252618197
252820844
253185144
253191823
253191824
253635069
254113729
254225786
256580326
256715878
256723547
256945396
257473028
257719552
258224181
258530615
258592484
259638346
259744514
260139003
260335249
260537420
260832564
261291929
261465941
261548701
261654474
261735167
261786876
262026989
262026995
262049161
262049187
262251823
262254981
262317288
262444919
262581748
262750202
262840395
265016383
265104293
265264862
265307784
265799883
266319020
266386337
266391367
267047723
267142101
267200514
268003768
268178375
268565125
268613141
268873055
268942353
269169796
269774230
269795738
270053936
270128470
271206562
271719598
272006336
272091823
272406517
272477887
272591768
272824755
273149718
273537688
273772632
273881728
274450056
274583068
274657197
274994551
275260836
275699983
275811225
275834665
276218731
277975394
278128007
278170377
278196007
278974813
278981407
279188498
279241099
279428154
280272386
280313970
280382058
280562829
280789489
280971858
281015141
281261324
281315460
281816774
282266249
282795787
283528206
283605519
283908977
284012446
284067914
284220611
285147281
287031335
287477468
288159649
288472896
289105827
289338154
290055666
290143444
290478854
290547573
290760262
290783428
291685610
292651411
292681379
292725275
293285371
293376147
293416018
293620167
293704040
293704041
293953832
294055448
294055449
294535527
294809296
295107682
295247540
295647558
296237493
297398964
297409792
299436963
300172145
300684061
300765836
300973784
301670981
302000822
302184794
302187586
302836052
303127788
303548598
304114245
304434112
304481704
304531053
304855471
304863991
304881730
305561100
305721365
306106212
306300922
306390087
306759846
306922639
306934886
306992520
307266753
307934313
308702342
308747255
309948372
310512541
310759483
312831485
312900254
313165399
314643626
315114957
316045799
317032543
318185524
318601461
318692077
318931988
319019197
319310413
320587156
320642139
321926788
321980603
322972341
323200344
323369806
323397049
325404506
325418914
325757845
325818114
326120877
326301337
326305731
326483650
327207852
327417405
327595087
327725953
327760868
329032812
329875043
329937558
330446233
331124308
332029316
333143954
333176430
333225899
333570072
334204277
334633370
334724074
334773285
335549005
335695389
335971413
336817472
337266567
337713843
339001481
339986758
340221970
340903074
341513670
341623264
341624290
341651977
341813080
343221999
343580439
346500040
347874892
348096293
348466252
348527831
348528468
348650936
348690336
348889102
349167755
350035346
350359306
350505527
350580455
351065142
351096296
351906763
352660924
354628391
354947346
355187485
355194676
355421944
355711726
356157099
356992426
357537542
358195817
359208879
360084272
360543134
360543177
362763328
363143310
363368392
364936115
365006847
366931951
367330921
367825854
368403941
368687571
369057069
369607932
370282268
370801678
370842767
370995272
371045355
371750376
372257397
375385132
375700028
377008759
377629300
377785090
378425347
378458691
378824543
379453196
380685726
380689053
380730317
381062834
381701280
381701470
381702000
381702160
381702352
381702430
381702750
381703022
381703136
381703360
381703598
381704095
381704864
381972795
382083034
382083302
383084001
383323406
383812780
384231270
384232896
384233048
384233225
384233249
384296976
384819976
385452290
385634612
385769789
386001601
386002649
386002669
386483997
386530277
387232684
387431199
387593948
387601688
387875756
388145863
388164238
388545763
389193138
389366875
390165181
390167105
390453558
390631150
393107187
393525078
393985446
394242270
394384987
394432287
394447340
394958297
395398750
395503030
395605774
395631522
395738416
396452781
396900791
396903391
397184700
399194760
399227991
400379025
400401604
401030539
401055309
401170117
401279623
401814716
401820180
402306412
402415319
403272013
404963432
405271228
406782386
407598704
408288286
409050115
409287913
409450648
410332004
411252594
411665520
412151541
412308695
412308812
412678859
413551999
414189408
414672788
414920759
415535037
415842414
415983183
416800910
416965617
417007039
417826820
418306070
418368811
418751172
418877476
418892718
419431305
419458838
419881760
419889705
420447017
420929545
421863760
422603102
422924399
424914578
425179503
425659636
426151019
426497635
426881872
427374434
427377900
427962594
428761890
428989929
429307630
430333725
431160869
431167790
433059024
433416409
434439476
434893121
435836905
437299706
437474360
437788220
439735399
439843599
439886085
440985304
442136254
442476215
443248638
443517292
444083093
446260322
447463483
448764823
448795390
448935669
451295014
451960536
452025505
452552525
453795426
454755642
455564148
455676335
457187387
458066753
461802297
462025066
462415188
462490471
463700741
463700760
463701000
463701671
464156500
466659176
468636339
469061956
470616189
470622782
470623037
470623173
470623175
470623182
470623747
470623801
470623803
470624027
472131391
472905113
472939437
473550858
473757255
474557774
474763569
474787597
475878118
476196931
477248343
477534265
477685625
477929626
478339214
478840375
478858992
479679002
479696276
480486345
480787112
481026239
481634528
482035102
482753622
483006611
483392080
483605529
484409506
485603358
485749040
486514435
487237857
487753397
489369498
492693332
492735082
493201983
493253759
493536367
493549478
493890455
494517111
496189056
496333443
496797178
496893300
497215342
497227384
498130432
498217683
498848478
499813150
500405639
500673866
501023973
501373557
501575043
501893769
502414581
503111374
503115470
503482646
503494956
504163279
504163283
504257078
504413684
505246808
507135865
507477552
507523105
507888150
508376907
508813774
508943027
509969439
511265415
511273150
512223214
512774441
513611341
514431958
514748675
515562086
515895451
517589332
518082771
518366323
519582740
520831548
521594713
521945322
522504024
523121474
523508661
524978407
525807840
526344564
527328503
527446250
527579475
528458508
528826104
529997900
530114975
530329963
532661418
533058860
533671269
535121941
535497940
535608030
535845584
536209167
536258179
538210866
538608536
539353977
539387481
540187826
540593710
540866841
541446017
541481026
542351780
543379761
543949427
544136279
545045867
545542509
546210508
546373540
548391172
549863426
550847386
551088534
551719271
551830030
552276825
552883315
553604212
553611167
553710453
554734474
556366119
557180114
558364221
558586034
561470997
561904920
563127951
563646790
563652674
563933198
564001633
564544649
566588515
566985370
566985372
567030388
567051894
567758341
568409161
569353951
569533150
570256898
571304212
572466171
572991148
574122858
574123022
576428697
576549881
577192220
577245086
578597740
578852369
578954485
579999452
580762241
581790263
582272991
583254241
583648001
584019870
584543823
584929476
585103759
585914973
585921167
588325774
589864479
589874915
590063756
591460709
591644330
591709101
592284993
592337578
593054580
593355728
593369492
594419649
594503164
595156460
595892497
596047499
596622478
597373344
597710068
598525381
600199941
602578156
603173915
603375050
603707723
604177167
604656349
604893756
606662761
610643278
610821246
612057852
613437137
614152242
617028866
617416468
619369512
620040765
620967489
622370462
622413963
625472561
626129639
626299586
626398296
626471856
626614764
628030946
630200082
630839767
631094342
634849197
634849863
635045292
636844778
638447093
638494223
640246578
641357669
641836403
641975086
642557771
642803358
642819566
643055307
645249673
645391638
646582036
647024018
647745591
648176482
648755583
648956792
650045209
652113830
652421289
653016185
656868743
657476401
658291823
660861290
660921339
663379413
663593797
663872027
665149280
665713706
665964031
666877303
668174671
668541939
670199157
670771965
671863400
671958238
672249013
672664032
672873590
673775572
673995033
674900361
679570743
680656710
680884572
680904259
682478916
682554734
684158414
684370851
687391329
687519246
687598126
687932160
687989405
688652783
689871918
689900475
689959380
694130060
694849738
694947612
695108281
697893300
699237610
701045710
701676914
703425900
703720228
703796765
703889772
705029632
705335155
705474769
705934263
706421907
706518211
707508884
708335534
708371900
710541646
713217930
713443884
713746894
714059341
716934852
717407884
717428711
718158767
719115987
719431987
721321813
722967490
725221968
725509170
730188152
730254722
732915228
733163012
736826307
740675898
741606139
743537890
743822914
745001891
767016946
769189585
771021324
772127662
773038982
775207943
782571888
783827908
784889506
788236947
788984301
790864884
791126682
791316884
791391004
792508884
792555885
793745730
794030859
794200252
796183168
796414080
799131292
802485319
802996636
803978236
804982781
806339513
806364627
807801358
808038562
811105481
811377230
812399885
814140797
815582351
816816401
817422023
817756935
817871218
818198322
820806390
821698225
821746377
822436884
823877864
825708806
826420969
827794287
830593115
831100527
831705380
832350989
832481615
833641766
834314596
834515877
838825568
840308131
840531305
840534227
840986946
842593579
842818711
844097982
844226142
847641439
847775354
848106244
849243284
849873886
852773346
853118658
853941025
854030410
858020167
858124601
860270150
860471185
862714883
862717788
863176413
863338913
863524650
863731891
863897795
864068000
866415483
866787106
867199020
868123198
868388885
868397885
869415596
870095971
870332340
870958144
872051930
873029787
873667927
874146594
875119779
875159866
876000565
876523888
876745644
877672766
877860884
877968260
879268256
880221919
880791662
881047984
881487725
882469822
883011006
885492801
885960517
886009669
886563476
886930049
887298016
888084300
888135469
888420325
888793350
889671983
890348705
890669474
891285934
892107837
892779679
892905009
893083124
893795406
893914777
893977298
894075225
894123661
894417315
895918183
896153632
896417058
896527017
896881401
897472959
897623231
900015782
900208604
902645131
902749218
903871206
904025246
904509526
905112228
906357429
906576942
907106474
907497726
907525523
908153168
908407811
908945209
909042398
909109652
909530275
909552816
909705390
910048041
910990031
911042029
911502027
912190084
912241032
913414044
913430322
913805339
913840678
914065708
914088438
914599749
915197563
916414461
916463101
916927819
917288490
917453719
917695790
917918570
918152703
918799139
919219256
919358656
919913453
920898575
920985248
921337844
921854276
922313515
922323074
922760141
922877594
923017367
923017416
923019021
923527373
923544550
923817924
923957904
924016917
924351253
925379571
925428680
925446589
925716116
925781328
926413015
927263663
928069318
928933489
929121341
929743897
929751982
930870411
931714873
932492307
932493656
932630328
933976960
934414720
934576040
934781982
934820588
938262142
940288964
941219323
941907967
942048597
942126974
942404284
942777522
943552289
944770208
944960439
945304382
945391064
946895107
947191070
947899573
947950892
948455550
948913991
948976028
949238697
949309323
951048357
951087108
951088868
951179234
951501034
952870930
952917216
953290300
953460942
953905668
954046493
954072332
954083494
954100822
954938779
955075042
955100693
955198749
955294081
955596067
955637330
955839593
956154836
956859888
956912399
956995247
957153257
957163760
957216506
957265404
957952675
958230465
959436323
959532194
959802287
960089084
960902903
960924891
961385822
961396675
963144241
963583140
963592988
963597166
963782173
964160293
964222830
964330550
964644561
964868680
964902342
965293227
965417235
965579173
965689888
965818306
965962052
966029848
966362392
966714421
967762843
967788304
968091028
968426823
968618466
968638424
969314352
969519520
969793721
969924303
970262104
970694987
971178438
971248668
971506193
971520578
971719721
971882146
971910947
971949329
971959728
972178380
972414353
972685230
973535723
973563135
973579797
973594847
973750386
973767249
974271302
974299441
974670140
975006871
975078285
975311694
975390187
976331027
976370008
976467785
977081102
977602870
977676980
977764092
977824904
978052928
978124792
978322714
978833445
979020229
979086246
979298934
979349263
979609843
979752171
979783101
980257248
980277991
981305947
981330533
981363980
981524448
981834425
982003188
982639043
982980293
983281791
983386815
983795625
984527862
984771479
984987791
984999604
985232234
985450952
985515827
985750750
986120629
986595124
986901174
987243021
987331915
987590919
987967575
988908610
989139044
989228163
989335708
989649712
990368555
990504944
990753230
991111121
991862468
992046070
992277217
992310342
993005572
994349813
994362496
994746836
996151267
996183661
996219697
997095275
997503357
997522893
997616345
997819235
997872651
997939098
998025672
998568017
998790026
999098861
999146768
999395945
999606476
1000445197
1001591696
1001659715
1002344923
1002750012
1002920114
1003811629
1004494626
1005516498
1005689250
1005855892
1006173000
1006337409
1006557991
1006610365
1006974447
1007053996
1008369590
1008452319
1008577710
1008672794
1009381816
1009465366
1010493715
1010780960
1010827620
1011492832
1011668648
1012483992
1012570406
1012713381
1012723880
1013036431
1013225660
1014096501
1014544923
1015956286
1016037208
1016130724
1017003702
1017103666
1017325738
1018351144
1018381396
1018727913
1019070179
1019576853
1019700531
1020678016
1021703062
1021844963
1022071615
1022404158
1022440073
1023234452
1023334577
1023488937
1023755589
1023761733
1024389997
1025054420
1025080737
1025746134
1026353242
1027264941
1027312526
1027533063
1028908750
1028913762
1029121973
1029288349
1029297168
1029468272
1029617548
1029751323
1029765276
1030019034
1030232536
1030685050
1030860273
1030940208
1031089640
1031099411
1031142740
1031454239
1031590716
1031943208
1032117475
1032846074
1032992776
1033020573
1033021352
1033048640
1033355762
1034204376
1034379593
1034974185
1035041995
1035372698
1035463116
1036507132
1037685040
1037698654
1037733996
1037924282
1037931147
1037955171
1038292148
1038357955
1038514498
1038535630
1038734842
1039032256
1039087886
1039373190
1039481487
1039562972
1039621715
1039708229
1039729852
1039991663
1040121937
1040190323
1040481018
1040614570
1041201977
1041801905
1042017993
1042116072
1042359810
1042361179
1042368254
1042433083
1042465970
1042631089
1043196031
1043593599
1043699613
1043976494
1043994904
1044196249
1044359904
1044864838
1044963177
1045171376
1045579639
1045736181
1045873679
1045990056
1046485977
1046620997
1046992703
1047335260
1048341323
1048384003
1048494989
1048764423
1048766030
1049169349
1049183167
1049341702
1049412059
1049452428
1049614170
1049643532
1050103463
1050298530
1050363170
1050430296
1050456443
1050462261
1050535625
1050712922
1050832450
1050835432
1051084986
1051557000
1051780960
1051782974
1052378769
1052532499
1052637477
1052842770
1052949196
1052960171
1052989183
1053286648
1053299163
1053898371
1054756823
1055044256
1055087175
1055169471
1055347185
1055796121
1055798748
1056200096
1056709361
1056811220
1056952502
1057261082
1057714949
1058589696
1058705097
1058911614
1059045374
1059097110
1059205805
1059509178
1059597638
1060199031
1060256849
1060273831
1060567066
1061361026
1062226676
1062418176
1062977028
1062997995
1063004379
1063065090
1063165791
1063393054
1064344163
1065019039
1065074566
1065268116
1065492988
1065559535
1065964913
1065973428
1067344634
1067511695
1067688314
1067918994
1067953235
1068207118
1068281273
1068312500
1068497107
1068563276
1068940771
1069033296
1069738551
1070016067
1070129363
1071032154
1071230619
1071231748
1071655014
1071729002
1071735505
1071809231
1071831261
1071970175
1072021022
1072170823
1072618042
1073226719
1073460738
1073764131
1074070278
1074273788
1074394632
1074454185
1074507850
1075090533
1075393336
1076129620
1076377547
1076405618
1076436648
1076462336
1076474471
1076977666
1077454158
1077546422
1078112813
1078539118
1078714736
1078852670
1078891380
1079001185
1079172742
1079223759
1079396014
1079598542
1079667052
1079711091
1079952715
1080364582
1080382371
1080392931
1080467174
1080600330
1080634709
1080808404
1080871005
1081069895
1081124929
1081244497
1081455328
1082012464
1082671352
1082678396
1083324677
1083789534
1084245525
1084366442
1085300491
1085769274
1085919903
1086081470
1086273045
1086406592
1086467228
1086482346
1086736152
1087005459
1087110764
1087147821
1087153823
1087684663
1087851721
1088041310
1088728224
1089022756
1089216339
1089649401
1089780289
1089833365
1089859264
1089973241
1090082990
1090147504
1090272358
1090666976
1090692055
1090702230
1090807493
1090822398
1090993983
1091005446
1091363992
1091374076
1091402153
1091709555
1091772717
1091774526
1092116840
1092247887
1092361338
1092800054
1092911056
1092960516
1093028505
1093135143
1093260018
1093320744
1093364587
1093937123
1094120819
1094372050
1094490100
1094870430
1094930525
1094933214
1095176665
1095195175
1095202264
1096425501
1096830182
1097193327
1097195202
1097326296
1097371866
1097417804
1097559758
1097576864
1097592642
1097687350
1097852666
1097862282
1098012632
1098194172
1098413063
1099005980
1099277290
1099326209
1099630309
1100387067
1100417601
1101188452
1101754136
1101916802
1101953069
1102276196
1102542266
1102859089
1103939849
1104376797
1104407866
1104471311
1104472527
1104682320
1104769476
1105145426
1105565152
1105711205
1105991757
1106209658
1106620664
1106706630
1106739747
1106847606
1107494901
1107533906
1108005708
1108147135
1108491228
1108795134
1108922494
1109271715
1109282822
1109596549
1110368830
1110478743
1110785292
1110860681
1111156893
1111319839
1111739567
1111751047
1111782605
1111787861
1111792719
1111796513
1111831730
1111915143
1112036545
1112082865
1112175960
1112190608
1112194905
1112348493
1112425552
1113585468
1114209557
1114295805
1114423002
1114433396
1114542760
1115024566
1115205899
1115309769
1115332286
1116000318
1116303051
1116485154
1116526004
1116562666
1116844819
1116995036
1117202653
1117450622
1117595516
1117747822
1117917347
1118021380
1118271108
1118867383
1119009794
1119016065
1119063755
1119108201
1119223006
1119318768
1119389968
1119393969
1119439036
1119698662
1119939501
1120698702
1120754892
1120885936
1120948170
1121056577
1121082346
1121098663
1121309232
1121391184
1121751943
1122046166
1122785133
1122804248
1123249547
1123922160
1124228879
1125018164
1125252777
1125571422
1125877319
1126031966
1126251286
1126543994
1126568463
1126660051
1127094516
1127724771
1128237784
1128413893
1128428812
1128841871
1128955736
1129027545
1129053718
1129323212
1130400252
1130468050
1130759240
1130949326
1131120731
1131739506
1131785604
1132167337
1133268930
1133835109
1134439359
1134840455
1134941986
1134941995
1135137367
1135332109
1135431502
1135563666
1136251922
1136293924
1136777305
1136792532
1137170219
1137424007
1137724528
1137748942
1138075741
1138081298
1138942145
1139240260
1139265922
1139480348
1139672164
1139751780
1139967050
1140300048
1140363227
1140393487
1140514879
1140522532
1140591999
1140596479
1140596919
1141081555
1141563910
1141591437
1141754534
1141757951
1141877104
1141897390
1141945550
1141971978
1142107621
1142181902
1142207777
1142790530
1143358718
1143630029
1143931592
1143941492
1144137857
1144153396
1144153403
1144280043
1144508840
1144941431
1145089790
1145198837
1145222943
1145479962
1145889006
1145974783
1146588641
1146844873
1146880921
1146941306
1147700622
1148175292
1148183612
1148650883
1148704291
1148992957
1149033319
1149338819
1149687569
1149989450
1149992167
1150088852
1150124880
1150510297
1150660548
1150800298
1151215065
1151215071
1151436460
1151519475
1151558476
1151621299
1152248491
1152619791
1152759754
1153119945
1153457233
1153678569
1153873309
1154105909
1155205594
1155207822
1155270305
1155283656
1155303090
1155318497
1155392992
1155623327
1155709043
1155750916
1155819983
1155846302
1155877772
1156154179
1156261893
1156343076
1156526674
1158587707
1158928053
1159389250
1159723162
1159749342
1159921915
1159979881
1159999971
1160439444
1161063301
1161261587
1161429260
1161519454
1161775834
1161880916
1162402372
1162447122
1162840944
1163094296
1163127636
1163599059
1163606279
1164003972
1164228167
1165717161
1165848672
1166015603
1166358007
1166672913
1166743186
1167326349
1167551068
1168126157
1168154281
1168490615
1168495101
1168716148
1169052792
1169786043
1169900822
1170629044
1170756015
1170932252
1170959623
1171160683
1171309988
1171534532
1172218725
1172333245
1172889381
1172909096
1173559723
1173690032
1173744974
1174116487
1174877822
1174976428
1175490379
1175746628
1175777581
1175912696
1175970249
1176327739
1176454699
1177068388
1178113915
1178337794
1178347345
1178620820
1178659122
1178704872
1179376133
1179629560
1180601694
1180759468
1180897172
1181154045
1181589165
1181589175
1182084796
1182170210
1182568087
1182594951
1183061010
1183093544
1183137234
1183690974
1184022695
1184945228
1184949680
1184957849
1185013324
1185762874
1186056137
1186098620
1186246780
1186480811
1186583079
1186586724
1186963808
1187370945
1187770032
1188043651
1188077437
1188174642
1188345121
1188724250
1189786540
1190094109
1190138633
1190341231
1190981360
1191013983
1191143178
1191168779
1191204365
1191274361
1191486604
1191490521
1191617602
1191677300
1191721368
1191775648
1192992870
1193005520
1193014252
1193068130
1193095604
1193611459
1193940343
1194755213
1195001633
1195280132
1195300022
1195484262
1195500203
1195586628
1195632994
1195955730
1196979982
1197050629
1197082547
1197095887
1197440162
1197693998
1197721799
1198005742
1198243743
1198732014
1199251567
1199526401
1199570390
1199768588
1199780143
1200261154
1200326667
1200343264
1200361736
1200831830
1200840048
1200953842
1201940175
1202247341
1202441485
1203092300
1203289615
1203393721
1203614278
1204044507
1204188151
1204360812
1204398542
1204521130
1204570053
1204701206
1204902883
1205030005
1205082043
1205359334
1205661545
1205668403
1205759620
1205789809
1205903016
1206006469
1206119204
1206165808
1206175991
1206243851
1207023461
1207507389
1207755644
1207876943
1208024744
1208288830
1209258992
1209559177
1209601557
1209699567
1209847272
1209912119
1210218767
1210250626
1210383304
1210741497
1210796291
1210879676
1210975738
1211149582
1212064750
1212068497
1212711812
1213564830
1213625254
1213962617
1214369445
1214392250
1214452771
1214765054
1215052677
1215244655
1215420422
1215439780
1216222664
1216335045
1216346463
1216701370
1216703941
1217025461
1217034782
1217069104
1217317699
1217375118
1217657323
1217734014
1217853555
1218036175
1218431966
1218548302
1219400787
1219663574
1219666545
1219728105
1220200987
1220265487
1220546899
1220563942
1221028051
1221460035
1222114325
1223715132
1223764016
1223780082
1223782070
1223794331
1223800566
1223803641
1223829764
1224135770
1224154223
1224239045
1224534483
1224741037
1224840325
1224920762
1224965828
1224983055
1225048730
1225051999
1225060202
1225077306
1225204588
1225747138
1225760210
1227060738
1227526759
1227816834
1227850140
1227863378
1227872143
1227971746
1228086605
1228179583
1228398652
1228652221
1228731320
1228755008
1229128411
1229434818
1229486348
1230148653
1230279792
1230637311
1230641474
1230806692
1231126178
1231248537
1231273478
1231454883
1231771893
1231828055
1231999492
1232009882
1232024601
1232093653
1232428553
1232504447
1232531756
1233384453
1233834541
1233937470
1233991021
1234320525
1234429850
1235836821
1235895808
1236442775
1236471113
1236633267
1236778275
1236818554
1236907421
1237004992
1237054193
1237389947
1237796990
1237931798
1238355247
1238425070
1239188244
1239234534
1239473998
1239556187
1239598006
1239904662
1240056193
1240313984
1240420549
1240834066
1240841298
1240925520
1241167838
1241386674
1241589761
1241706196
1241946146
1242028887
1242377947
1242486356
1243238109
1243247464
1243627144
1243635889
1244348213
1244611018
1244649384
1244713881
1244784611
1244919639
1245307962
1245411599
1245763628
1246092118
1246494475
1246542322
1246553684
1246868105
1247146656
1247300054
1247340670
1247425397
1247628265
1247652431
1248468814
1248970467
1249753246
1249754020
1249827648
1249895365
1250166649
1250180134
1250583865
1250599915
1251078708
1251196416
1251291132
1251517753
1251606837
1251632419
1252155965
1252417787
1252608081
1252638476
1252820967
1253053148
1253186678
1253577906
1253616150
1254001472
1254061093
1254073246
1254075020
1254370585
1254613855
1254876419
1255185080
1255765992
1255922966
1256091892
1256660459
1256723502
1256829899
1257109620
1257126028
1257202425
1257234332
1257444903
1257473018
1257555495
1257821731
1257919233
1257985728
1257987923
1258388821
1258635512
1258744551
1258779354
1258988092
1259407822
1259438987
1259505930
1259579050
1260073690
1260181429
1260262855
1260626281
1260808808
1260809937
1261679921
1262100467
1262351840
1262594123
1262736033
1262774663
1262931535
1262962619
1263149459
1263245458
1263343396
1264424015
1264449047
1264586683
1264843400
1264883026
1265002699
1265088394
1265289056
1265697819
1265979257
1266577963
1266640782
1266745353
1267896538
1268047665
1268090919
1268301652
1268507895
1268527882
1268632042
1268657199
1269131933
1269743086
1271087930
1271147429
1271167671
1271249164
1271261548
1272970334
1272973183
1273037507
1273604072
1273606075
1273619588
1273643094
1274205211
1274635046
1274725394
1275078406
1275143048
1275172907
1275596861
1275775528
1275919779
1276187422
1276373760
1276399189
1276414335
1276428208
1276705357
1277107546
1277424411
1277683423
1277778792
1278260011
1278494718
1278585393
1278694210
1278769538
1278793755
1278815517
1279125838
1279731673
1280417890
1280795058
1281073227
1281119166
1281164719
1281287693
1281324292
1281987886
1282002114
1282491038
1282663738
1283167908
1283653370
1285761791
1285840883
1286328757
1286790906
1286818575
1286824238
1286869685
1287045603
1287225837
1287311602
1287485343
1288221034
1288307529
1288418637
1288568564
1288641267
1288944747
1288982307
1289046573
1289289851
1289384685
1289485603
1289518930
1289723215
1289880441
1289993673
1290025836
1290540358
1291058235
1291423644
1291474670
1291526534
1291555901
1291579828
1291735048
1292069401
1292172441
1292333246
1292381204
1292638162
1292802647
1293209938
1294061642
1294154339
1294766251
1295208885
1295289748
1295718287
1296178074
1296350485
1296680421
1296736740
1296922976
1297180610
1297439270
1297791208
1298055025
1298070041
1298314174
1298703768
1299444208
1299462439
1299485664
1299826850
1299874118
1299915173
1300757042
1300837524
1301598118
1302281912
1302295524
1302581232
1302937176
1302964154
1303668524
1303951242
1304192102
1305527038
1305546061
1305631801
1307142414
1307626824
1307768590
1308076988
1308097716
1308473542
1308641246
1308717668
1309300649
1309524988
1309734864
1310192007
1311300286
1311725348
1312406856
1313037231
1313152833
1313386242
1313596069
1313611947
1313660749
1313813296
1314355372
1314507429
1314750545
1314759544
1315040130
1315116167
1315130780
1315152652
1315173707
1315183378
1315185975
1315335688
1315652782
1315899826
1315928840
1316083901
1316084734
1316136728
1316294579
1316784843
1317356120
1317493077
1317563209
1317614626
1317823455
1317853625
1318029970
1318276878
1318335827
1318485592
1318489852
1318745866
1319610865
1319947289
1320118593
1320641198
1320696072
1320770127
1320815302
1321043863
1321060753
1321658702
1321898058
1322200189
1322425705
1322660776
1322876378
1322911971
1323537886
1323580239
1323605095
1323991804
1324222820
1324249769
1324606666
1324765509
1325401931
1326393257
1326865967
1327456890
1327769095
1327983677
1328018714
1328909114
1328933559
1329377986
1329396208
1329434923
1329588396
1329598889
1329622860
1329714191
1329771844
1329995882
1330004517
1330011071
1330199027
1330225136
1330329512
1330345445
1330353050
1330434098
1330785170
1330865695
1331159494
1331478791
1331519433
1331816080
1331987746
1332196350
1332383970
1332506864
1332572879
1332640881
1332825972
1333090403
1333246914
1333249096
1333552422
1333665531
1333689889
1333743838
1334232884
1334333150
1334352840
1334701895
1334767397
1334808138
1334878780
1335503365
1335551721
1335814741
1335934942
1336107529
1336150688
1336152302
1336515208
1337100398
1337195586
1337718773
1337886873
1338556379
1338907745
1338908396
1339090771
1339250394
1339849737
1339918828
1339976762
1340505607
1340970714
1341076079
1341138591
1341346059
1341391964
1341478446
1341530706
1342372520
1342475863
1342503128
1342714688
1342819396
1342857653
1343326958
1343348729
1343918203
1343944201
1344384442
1344465906
1344988488
1344999619
1345682353
1345718644
1345732115
1346062517
1346097120
1346139728
1346207297
1346359556
1346755348
1346873836
1347077022
1347175960
1347699348
1347735219
1347756635
1347973549
1348014797
1348032695
1348074052
1348100995
1348134531
1348327787
1348392537
1348446973
1348777092
1348818313
1348831124
1348845783
1348856817
1349060136
1349396735
1349500084
1349652154
1349817045
1349918061
1349931526
1349974228
1350043452
1350279126
1350534031
1350586048
1350828603
1351158366
1351389458
1351419842
1351820224
1352018677
1352076408
1352152143
1352546554
1352714377
1352791315
1352800687
1352808806
1352875216
1352945081
1353158484
1353160360
1353186551
1353418080
1353532914
1353825613
1353905337
1354162964
1354195914
1354199860
1354228426
1354474880
1354611827
1354997107
1355059144
1355180130
1355191009
1355211401
1355212095
1355212895
1355302117
1355889579
1355943500
1356231850
1356294405
1356303465
1356393888
1356718216
1356749661
1356852684
1357657583
1357695290
1357937776
1357942187
1358037939
1358187061
1358277920
1358381502
1358520278
1358557895
1358565887
1358761902
1358793371
1358892469
1359035306
1359664915
1359815593
1359992815
1360069160
1360125299
1360623524
1360918836
1361292130
1361298970
1361401612
1361789998
1362050907
1362265400
1362402185
1362761080
1362910749
1363182054
1363543523
1364521790
1364665348
1364798971
1364825229
1365129878
1365137226
1365312021
1365324916
1365972671
1366422145
1366535840
1366644600
1367139815
1367200795
1367210511
1367223433
1367454237
1367773989
1367972308
1368081567
1368608676
1368737097
1369340674
1369393780
1369505401
1369567177
1369805300
1370049232
1370092284
1370096738
1370241595
1370492053
1370507232
1370687082
1371515010
1371633622
1371645572
1371830313
1371931450
1372126575
1372422497
1372481070
1372613288
1372918317
1372967640
1373032076
1373097970
1373345740
1373776577
1373812661
1373903759
1373984252
1374027962
1374479140
1374570423
1374647284
1375027321
1375036030
1375151705
1375267155
1375289663
1375339408
1375356188
1375402072
1375628091
1375630453
1375728028
1375877915
1376446768
1376929139
1377135488
1377151103
1377448815
1377843908
1378040733
1378393192
1378618386
1378685290
1378717841
1379040585
1379050662
1379955436
1379959217
1380008439
1380372501
1380522589
1381228499
1381257272
1381520554
1381529961
1381606551
1382085958
1382438394
1382480882
1382653684
1382789861
1382804627
1382948230
1382983397
1383372882
1383599078
1383802148
1384340274
1384700179
1385119716
1385168060
1385379989
1385622257
1386234384
1386449666
1386552794
1387547319
1387670973
1387744799
1388029563
1388419519
1388645349
1388743215
1389231303
1389693117
1389788846
1389930082
1391405921
1391472041
1391483100
1391915810
1391968482
1392573168
1392662714
1392843387
1392875646
1393089075
1393127287
1393165101
1393845532
1393911268
1394227396
1394351960
1394520042
1395694681
1396012587
1396520088
1396546917
1396697981
1396757201
1396858062
1397115174
1398311925
1398398832
1398442165
1398499798
1398638811
1399025196
1399053564
1399356222
1399485424
1399714847
1399969550
1400082430
1400602612
1400619970
1400686733
1400811015
1400828889
1401017786
1401057414
1401161424
1402001193
1402387788
1402903701
1403189802
1403202032
1403562732
1403813337
1404127531
1404380126
1404411941
1404421618
1404493563
1404548949
1404576606
1404647880
1405163532
1405332786
1405629617
1405751724
1405972616
1406451900
1406534739
1406537385
1406558175
1406730235
1407451189
1407481308
1407577718
1407606863
1407852423
1408102830
1408585620
1408856271
1408922045
1408959075
1409087641
1409394887
1409400096
1409479503
1409480698
1409481160
1409801789
1410296631
1410389068
1410459662
1410507212
1410611499
1410811382
1410819674
1410835265
1411446648
1411706853
1412142989
1412162689
1412393796
1412571258
1412845697
1413255721
1413374332
1413583065
1413585087
1414073313
1414100645
1414384043
1415328078
1415377543
1416206538
1416797800
1416803661
1417804351
1418072067
1418110151
1418699677
1418923793
1418960261
1419732648
1419786575
1419935634
1420488036
1421573955
1421781634
1421968445
1422483488
1422483630
1422511043
1422814215
1422830638
1422906504
1423306695
1423733399
1423759123
1424766141
1424925091
1425691329
1425697104
1426530582
1428290303
1428668590
1428704212
1429247751
1430037465
1430251532
1430295246
1430315931
1430957776
1431121413
1431648914
1432242042
1432301616
1432369172
1432521696
1432636003
1433530822
1433961166
1433966613
1433967596
1433974017
1433974677
1433977169
1434029180
1434060078
1434130672
1434222635
1434243584
1434308661
1434311712
1434325875
1434371530
1434402492
1434465245
1434492440
1434586211
1434702387
1434760405
1434896760
1434928546
1434974629
1434981484
1434982228
1434998130
1434999938
1435078293
1435094946
1435103183
1435131443
1435183458
1435343702
1435471190
1435516849
1435717525
1435733478
1435741220
1435743296
1435790034
1435934672
1436014494
1436070940
1436122458
1436253540
1436401528
1436511777
1436616330
1436700030
1436719991
1436752562
1436799008
1436896431
1436938686
1437002676
1437135028
1437219549
1437306870
1437447846
1437525441
1437655480
1437677335
1437682381
1437683771
1437718967
1437752030
1437808691
1437868374
1437934639
1437935588
1438017007
1438024613
1438054347
1438127380
1438143751
1438169130
1438182646
1438218719
1438321207
1438351534
1438365163
1438411380
1438449989
1438460177
1438463967
1438487666
1438532128
1438693426
1438693620
1438817292
1438898081
1438906889
1438982040
1439022624
1439075343
1439253218
1439296462
1439372633
1439389828
1439466346
1439567112
1439580309
1439610590
1439621652
1439655215
1439655378
1439810326
1439818353
1439975046
1440051086
1440083927
1440084148
1440133626
1440138249
1440209326
1440264194
1440300401
1440334876
1440355498
1440383165
1440410101
1440424716
1440482697
1440526574
1440529681
1440580067
1440719849
1440929730
1441032838
1441054899
1441095668
1441164015
1441249677
1441251826
1441342580
1441346904
1441348407
1441469282
1441556015
1441571050
1441595858
1441659097
1441700795
1441708044
1441789630
1441798734
1441806992
1441824608
1441828050
1441868564
1441968078
1441981338
1442125298
1442164847
1442316516
1442359006
1442604220
1442950743
1442960058
1443178389
1443605842
1443666680
1443678424
1443691560
1443926988
1443965535
1443966713
1443970723
1444117050
1444456380
1444520320
1444559244
1444653700
1444665909
1444739178
1444764596
1444873564
1444892748
1445044546
1445054297
1445260221
1445367223
1445375586
1445481970
1445504540
1445509054
1445509665
1445518203
1445589265
1445590466
1445599755
1445601454
1445604871
1445721627
1445900544
1446051252
1446088262
1446211572
1446322537
1446371409
1446476036
1446484590
1446484700
1446487170
1446630562
1446633621
1446791775
1446874607
1446900433
1447198778
1447244910
1447308241
1447407355
1447407862
1447500777
1447513097
1447545040
1447591518
1447672084
1447675033
1447751463
1447793202
1447816997
1447892344
1447898172
1448003722
1448032419
1448040931
1448151398
1448205591
1448210981
1448211060
1448220132
1448261954
1448284019
1448286071
1448289001
1448342346
1448401154
1448532887
1448662475
1448751691
1448870622
1448884663
1448885852
1448892174
1448959625
1448973714
1449022048
1449045549
1449052830
1449055902
1449137711
1449192745
1449220604
1449284139
1449307021
1449325923
1449341581
1449380318
1449384242
1449500734
1449501538
1449509216
1449553339
1449631195
1449642919
1449678510
1449728710
1449732621
1449737055
1449757372
1449762156
1449766796
1449779475
1449870921
1449884495
1449950127
1449986985
1449990173
1450011728
1450121744
1450177100
1450204554
1450215523
1450222435
1450277129
1450281294
1450325643
1450413324
1450544547
1450583330
1450864418
1450960226
1450994021
1450998120
1451109634
1451135743
1451137834
1451143962
1451174575
1451229633
1451243979
1451257219
1451275608
1451379733
1451534235
1451560679
1451565442
1451566603
1451621980
1451661573
1451676874
1451864362
1451956029
1451965530
1452058531
1452109607
1452114380
1452116115
1452121762
1452264668
1452360819
1452443002
1452653610
1452698284
1452719810
1452873786
1452874450
1452875556
1452887996
1453065723
1453087115
1453114629
1453148416
1453202446
1453429239
1453465821
1453555416
1453555697
1453632153
1453637456
1453788965
1453800522
1453895187
1453910942
1453914316
1454021155
1454042483
1454097755
1454112457
1454331894
1454557314
1454655918
1454680607
1454767003
1454855065
1454868999
1455133520
1455379351
1455384229
1455651992
1455668750
1455677259
1455717403
1455784513
1455810087
1455819294
1455870257
1455989587
1456152559
1456258919
1456467014
1456474041
1456539406
1456546128
1456563833
1456600124
1456850698
1457120394
1457141569
1457146003
1457146683
1457266207
1457325421
1457336351
1457402220
1457402664
1457447907
1457450564
1457497882
1457514077
1457514703
1457552694
1457601137
1457648702
1457915579
1457920399
1457999881
1458049902
1458102218
1458142154
1458165661
1458176724
1458194899
1458232370
1458257810
1458299211
1458346418
1458363871
1458379104
1458413661
1458654443
1458661510
1458672189
1458778450
1458792155
1458803180
1458887650
1458889590
1458912985
1458930048
1458945676
1458992375
1459017327
1459051711
1459114595
1459121546
1459259844
1459381204
1459421450
1459483439
1459526246
1459527171
1459557690
1459657136
1459666764
1459674187
1459814069
1459884105
1459899275
1459899327
1459899343
1459918086
1459941411
1459993408
1460030305
1460036160
1460047965
1460051721
1460121501
1460147025
1460152081
1460157002
1460224265
1460265604
1460329478
1460334766
1460394384
1460396199
1460471097
1460512713
1460600818
1460686784
1460713657
1460716677
1460805013
1461144682
1461164275
1461489556
1461493575
1461494159
1461515071
1461518124
1461771083
1461771992
1461857952
1461884747
1462003438
1462076838
1462096941
1462161274
1462188082
1462214964
1462292882
1462366483
1462650519
1462681901
1462685560
1462706458
1462839833
1463004931
1463054544
1463060534
1463081342
1463219123
1463280749
1463288863
1463309006
1463356560
1463411709
1463547394
1463795900
1463847177
1463862139
1463979546
1464024696
1464038604
1464461126
1464473810
1464523132
1464524725
1464610311
1464766741
1464771098
1464919521
1465180254
1465181848
1465273008
1465286477
1465334342
1465473031
1465482741
1465767420
1465778069
1465788293
1465879260
1466009959
1466054546
1466166364
1466167418
1466264114
1466283984
1466299501
1466330985
1466344305
1466433839
1466627435
1466670293
1466681015
1466686717
1466697207
1466824259
1466861744
1467006269
1467014230
1467123067
1467256065
1467297559
1467370704
1467388231
1467438756
1467454828
1467456079
1467822191
1467823230
1468013270
1468332063
1468533126
1468710727
1468818479
1468931528
1469071070
1469109957
1469151663
1469189650
1469293841
1469311474
1469338483
1469387518
1469394914
1469466722
1469467358
1469615517
1469643813
1469980054
1469999563
1470039059
1470058830
1470196623
1470409394
1470422004
1470466331
1470627232
1470690716
1470779784
1470873097
1470895238
1470902834
1470910774
1471015571
1471166224
1471167173
1471188269
1471202833
1471389934
1471432747
1471581521
1471604689
1471715443
1471986787
1472106563
1472116558
1472428389
1472870897
1472888443
1473055758
1473072044
1473456782
1473484399
1473486455
1473626965
1473669709
1473703394
1473722490
1473738973
1473747182
1473751874
1473769939
1473854035
1473872585
1473887472
1473988413
1474003679
1474094399
1474114072
1474245040
1474309028
1474429475
1474431037
1474536687
1474547470
1474558908
1474677662
1474697743
1474983385
1474997850
1475116211
1475142665
1475151297
1475244555
1475384604
1475422450
1475430652
1475486523
1475672610
1475707530
1475737247
1475928827
1476058919
1476323479
1476333944
1476345917
1476381380
1476388959
1476392010
1476403107
1476436244
1476442382
1476451432
1476485392
1476524064
1476614295
1476651914
1476677572
1476688287
1476734813
1476754361
1476769896
1476928106
1477095646
1477200570
1477279443
1477287015
1477323816
1477378735
1477380265
1477384590
1477384592
1477386458
1477409118
1477416183
1477610450
1477647189
1477656566
1477730312
1477773289
1477773466
1478013779
1478027784
1478052803
1478168321
1478188105
1478460758
1478471035
1478546413
1478573626
1478636398
1478663621
1478687610
1478746415
1478786688
1478789552
1478938636
1478990164
1479074542
1479107698
1479120204
1479220868
1479234915
1479237484
1479266398
1479362562
1479455008
1479472319
1479491840
1479539272
1479640316
1479694572
1479738261
1479973402
1480027684
1480055524
1480059697
1480060049
1480109376
1480116820
1480263708
1480270157
1480271037
1480311435
1480314188
1480370173
1480398327
1480583664
1480595648
1480598793
1480610796
1480615007
1480627722
1480634141
1480754962
1480756622
1480790596
1480796523
1480845603
1481081887
1481092255
1481135244
1481145158
1481239682
1481254566
1481362810
1481398762
1481569423
1481635658
1481688463
1481691756
1481898329
1481920454
1481923946
1482033569
1482034475
1482058988
1482070333
1482211846
1482212953
1482299264
1482310665
1482313610
1482313742
1482430142
1482455669
1482575855
1482645186
1482650244
1482669176
1482680261
1482705457
1482713710
1482715810
1482720638
1482824789
1482851200
1482860503
1482873558
1483001956
1483264365
1483289230
1483513974
1483525141
1483534241
1483638752
1483692776
1483841274
1483842627
1483926714
1483969901
1483983918
1484142154
1484172885
1484220983
1484228018
1484287750
1484354719
1484356201
1484379627
1484415799
1484421145
1484422226
1484428621
1484438529
1484511465
1484646914
1484757889
1484856889
1484862164
1484873665
1484912138
1485021241
1485129718
1485191228
1485301458
1485306667
1485423775
1485435369
1485441069
1485448436
1485466544
1485527143
1485636621
1485665884
1485673378
1485740243
1485785964
1485788729
1485792921
1485798128
1485932439
1486019852
1486210336
1486221160
1486229281
1486505917
1486961564
1487143525
1487148155
1487173754
1487176004
1487332780
1487470156
1487513861
1487530250
1487579237
1487690984
1487730212
1487829595
1487845680
1487877826
1488040861
1488132296
1488142226
1488142262
1488170622
1488187430
1488193650
1488203246
1488245340
1488259550
1488424047
1488434209
1488499843
1488523269
1488560647
1488662896
1488899890
1489121656
1489356239
1489399975
1489428604
1489482036
1489528890
1489598791
1489808806
1489848748
1489865533
1489932332
1490243726
1490328984
1490354763
1490521721
1490621476
1490737218
1490915309
1490933138
1490959033
1491050570
1491227906
1491275965
1491366223
1491416976
1491615628
1491626174
1491849710
1491872965
1491938450
1492380211
1492383500
1492522740
1492584441
1492731320
1492748168
1492831277
1492873976
1492874110
1492917354
1492939892
1493055485
1493073730
1493145099
1493287286
1493353598
1493409627
1493453604
1493465063
1493503146
1493507673
1493690458
1493717594
1493754847
1493806566
1493808223
1494032794
1494037915
1494041647
1494064011
1494102287
1494167201
1494213769
1494215707
1494246435
1494278350
1494350511
1494731140
1494781373
1494784215
1494869442
1494898665
1494949700
1494966265
1494989268
1495084850
1495239983
1495392900
1495411614
1495598028
1495659550
1495710329
1495714614
1495768510
1496024027
1496028384
1496034764
1496055021
1496069450
1496181176
1496223120
1496525343
1496608976
1496677282
1496689557
1496713373
1496845323
1496856996
1496873135
1496880584
1496988806
1497013901
1497046816
1497150130
1497221231
1497303071
1497386314
1497438573
1497468722
1497491972
1497555639
1497579041
1497584634
1497628225
1497808783
1497816177
1497904516
1497999509
1498067191
1498090239
1498106610
1498200241
1498346485
1498382420
1498541229
1498656962
1498800242
1498802610
1498806952
1498855031
1498930910
1498948272
1498987964
1499126562
1499140700
1499164128
1499215111
1499391906
1499409058
1499416498
1499534284
1499544082
1499552174
1499562159
1499646507
1499652547
1499653347
1499653491
1499661317
1499796514
1499860465
1499880546
1499885259
1499973481
1500066831
1500270466
1500323023
1500337164
1500444735
1500448322
1500453500
1500477470
1500630077
1500639797
1500663458
1500667648
1500783871
1500789777
1500808166
1500813432
1500813605
1500830572
1500896226
1500919715
1500927263
1500970749
1501029683
1501193797
1501210104
1501433969
1501506554
1501544101
1501568556
1501716010
1501774973
1501837127
1501861146
1501874154
1501964749
1501974739
1502114243
1502150213
1502178774
1502189652
1502326394
1502339625
1502399080
1502672139
1502728938
1502740785
1502770015
1502772490
1502782720
1502871393
1502942214
1502954097
1503046035
1503058515
1503067268
1503191093
1503226625
1503267615
1503346367
1503375651
1503412182
1503489407
1503517959
1503559501
1503582451
1503586969
1503600687
1503740738
1503850782
1503897906
1503907060
1503994111
1504002669
1504012907
1504199559
1504250328
1504280230
1504298199
1504302939
1504313039
1504319251
1504360345
1504486636
1504510929
1504560410
1504732282
1504752194
1504760110
1504819920
1504895463
1504939520
1504940209
1504942580
1504954303
1504973328
1505081153
1505103839
1505112163
1505116116
1505236798
1505252696
1505367976
1505387845
1505624059
1505638569
1505709306
1505748042
1505780082
1505843600
1505861349
1505873854
1506048775
1506124755
1506207997
1506303807
1506306084
1506404790
1506426526
1506469669
1506569605
1506640611
1506694122
1506779922
1506790837
1506828220
1507161849
1507190937
1507329859
1507349475
1507423923
1507425010
1507429130
1507444393
1507481039
1507575262
1507610178
1507621076
1507714058
1507752734
1507834679
1507839530
1508035189
1508050037
1508098400
1508192575
1508202790
1508374564
1508522747
1508544490
1508585135
1508604040
1508626416
1508853364
1508865892
1508917484
1509023836
1509056023
1509097230
1509138886
1509557225
1509598778
1509693449
1509803992
1509862352
1509890440
1510010482
1510056899
1510058141
1510114983
1510247972
1510305413
1510327026
1510365500
1510504610
1510582080
1510594202
1510623465
1510638084
1510777741
1510981488
1510989063
1510998066
1511010540
1511031888
1511105359
1511113374
1511121397
1511288113
1511353580
1511367208
1511648132
1511776362
1511786733
1511786820
1511789406
1511829994
1511834329
1511970110
1512413386
1512592526
1512620191
1512664318
1512861386
1513178238
1513207436
1513236996
1513410319
1513421081
1513449936
1513542621
1513602173
1513728098
1513764347
1513765512
1513775234
1513775963
1513817688
1513828358
1514222327
1514259866
1514310248
1514440943
1514754011
1514792212
1514833386
1514861303
1514880062
1514894048
1514937131
1514968525
1514985783
1515031369
1515040562
1515042825
1515067612
1515111476
1515133543
1515135213
1515152489
1515207646
1515419751
1515607844
1515609437
1515614913
1515660261
1515786216
1515963226
1515967172
1516093381
1516101147
1516131058
1516194847
1516299890
1516310726
1516315644
1516343565
1516421099
1516426036
1516486486
1516486802
1516488508
1516541391
1516567838
1516630513
1516664354
1516678537
1516710301
1516846670
1516852358
1516892532
1516941807
1517001226
1517061953
1517073277
1517151870
1517172761
1517651197
1517710810
1517748836
1517769071
1517772418
1517782468
1517882922
1517954480
1518158884
1518165695
1518307647
1518351830
1518416850
1518435827
1518537743
1518595628
1518635975
1518666256
1518710069
1518839824
1518843906
1518889522
1518903701
1519100248
1519114534
1519123360
1519456164
1519592764
1519595646
1519612797
1519901948
1520209098
1520223123
1520403988
1520478046
1520478402
1520520910
1520629042
1520676988
1521108629
1521172210
1521319657
1521323577
1521503554
1521527314
1521537280
1521578868
1521619380
1521653058
1521693509
1521758802
1521870190
1521874466
1521876707
1521885124
1522131146
1522251774
1522289120
1522353400
1522372858
1522543116
1522555969
1522604114
1522774472
1522956714
1522960417
1523090326
1523267122
1523340696
1523351030
1523507379
1523529535
1523543528
1523584878
1523709350
1523712088
1523712290
1523722173
1523729084
1523816853
1523904434
1524080195
1524155154
1524173209
1524223574
1524241581
1524313515
1524317541
1524384950
1524487980
1524542570
1524663352
1524688425
1524690326
1524694327
1524774519
1524795518
1524849603
1524912994
1524933278
1525028716
1525088562
1525154639
1525217140
1525281746
1525288614
1525423507
1525423535
1525427745
1525430395
1525432576
1525459182
1525612274
1525737983
1525750966
1525785359
1525807626
1525840711
1525894962
1525936566
1526016866
1526329939
1526470018
1526471281
1526490428
1526511293
1526559426
1526608832
1526679422
1526682330
1526697745
1526716139
1526747332
1527064197
1527153952
1527206821
1527280716
1527303066
1527335630
1527436649
1527478719
1527488397
1527583391
1527609854
1527611799
1527829688
1528040283
1528346447
1528390370
1528398394
1528535502
1528594034
1528622068
1528921370
1529056472
1529124116
1529219396
1529322197
1529331922
1529337710
1529341876
1529351487
1529396448
1529499626
1529525092
1529658898
1529683015
1529812731
1529866617
1529887342
1529931681
1529932690
1530045491
1530048319
1530051787
1530065734
1530092198
1530100372
1530131740
1530261634
1530339119
1530646067
1530711663
1530845100
1530876602
1530938338
1530961615
1531000011
1531019761
1531331584
1531333618
1531373069
1531416289
1531521527
1531522658
1531535478
1531584100
1531593864
1531684255
1531714655
1531768983
1531781071
1531898121
1531900195
1531906898
1532086222
1532102239
1532149023
1532225667
1532262306
1532270716
1532284669
1532287003
1532290402
1532380394
1532398472
1532419028
1532496557
1532663439
1532816291
1532894981
1532901566
1532916038
1532951390
1532976305
1533115958
1533130572
1533228127
1533428884
1533462141
1533487681
1533511340
1533533467
1533588262
1533640450
1533893024
1533924280
1534009830
1534032194
1534290927
1534324153
1534325266
1534338804
1534370789
1534448429
1534519469
1534533276
1534553522
1534640895
1534721507
1534760039
1534772498
1534773257
1534890386
1534970196
1535076826
1535328010
1535358465
1535403320
1535408667
1535413560
1535425447
1535451663
1535531778
1535579166
1535616852
1535684354
1535685898
1535704082
1535824879
1535855038
1535882542
1536041849
1536199648
1536210147
1536292510
1536352412
1536602910
1536649306
1536673748
1536700147
1536771923
1536797955
1536805217
1537178423
1537326815
1537395533
1537449927
1537508235
1537611249
1537676978
1537732906
1537788786
1537836233
1537865727
1537897599
1537933985
1538204210
1538223214
1538223546
1538224217
1538289354
1538307470
1538376524
1538474515
1538474586
1538552626
1538618635
1538630420
1538821139
1538835444
1539018378
1539265152
1539280820
1539535133
1539546360
1539558254
1539599274
1539644195
1539666617
1539704292
1539709262
1539730842
1539949999
1539950175
1539996469
1540031827
1540303621
1540370040
1540601123
1540621732
1540647495
1540683012
1540849480
1540896400
1540900887
1540996972
1541009357
1541077304
1541093380
1541102909
1541195676
1541287698
1541296877
1541404400
1541467826
1541508234
1541759865
1541777977
1541797253
1541856876
1542083085
1542091530
1542371904
1542470806
1542475843
1542553416
1542553694
1542643454
1543095827
1543098312
1543252280
1543456877
1543476170
1543548936
1543574750
1543593562
1543615866
1543757634
1543825039
1543975391
1544030931
1544192986
1544239486
1544308219
1544383426
1544438905
1544812283
1544829611
1544909349
1545088377
1545205930
1545233696
1545315370
1545439016
1545520959
1545568828
1545576173
1545744482
1545785245
1545797226
1545805204
1545871949
1545953110
1545963775
1545969801
1546027998
1546118956
1546267644
1546275678
1546383309
1546456269
1546521336
1546571992
1546574579
1546657655
1546691191
1546892640
1547078697
1547088002
1547088092
1547148098
1547192003
1547232684
1547257763
1547358999
1547367594
1547409175
1547453193
1547855593
1547861330
1547866238
1547995674
1548040494
1548063180
1548082332
1548083167
1548194203
1548235762
1548251094
1548412089
1548524534
1548527210
1548551631
1548560507
1548604447
1548802936
1549132201
1549161251
1549326210
1549388085
1549433407
1549448639
1549480640
1549502623
1549623127
1549637737
1549719303
1549805240
1549903604
1550044944
1550269042
1550269850
1550301478
1550450201
1550477678
1550643487
1550663163
1550717506
1550831022
1550840872
1550921034
1550944310
1550958730
1551162705
1551179531
1551289582
1551489479
1551492441
1551536160
1551579084
1551582052
1551644089
1551696865
1551754276
1551760175
1551805857
1551847690
1551959205
1552028546
1552058389
1552069504
1552305130
1552330837
1552429569
1552455679
1552587575
1552587731
1552589375
1552618594
1552734386
1552822206
1552942976
1553038083
1553112247
1553130898
1553199104
1553309372
1553322327
1553334816
1553335461
1553468377
1553478806
1553514671
1553663983
1553686409
1553764633
1553772490
1553893422
1553942392
1553970330
1554097435
1554132477
1554178457
1554198045
1554318259
1554413774
1554531240
1554567118
1554578197
1554942959
1555110832
1555137542
1555267703
1555272051
1555403722
1555514639
1555756767
1555762398
1555858207
1555999132
1556020939
1556032684
1556286270
1556304196
1556376394
1556472772
1556687660
1556915172
1557045965
1557086266
1557165894
1557184019
1557257071
1557272095
1557275233
1557333623
1557367493
1557382427
1557408139
1557557205
1557580018
1557763232
1557798148
1557798162
1557814875
1557913088
1557940210
1558008884
1558041614
1558059416
1558152538
1558193228
1558223079
1558306823
1558388994
1558410138
1558427213
1558483834
1558510104
1558536244
1558701867
1558769655
1558828297
1559120677
1559241188
1559242124
1559300934
1559555948
1559615471
1559808776
1559888338
1559966912
1560074786
1560219589
1560226129
1560337631
1560423274
1560843836
1560900734
1560966034
1561053735
1561214982
1561242280
1561307740
1561371265
1561388976
1561409235
1561478045
1561561020
1561566675
1561635433
1561637217
1561686270
1561694805
1561823609
1561860622
1561917480
1562181656
1562302223
1562524050
1562576690
1562683557
1562764710
1562793961
1563085598
1563129428
1563139100
1563239356
1563351107
1563421928
1563489306
1563775446
1563966720
1563987042
1564014924
1564113746
1564113869
1564136756
1564442937
1564571245
1564661342
1564662212
1564670445
1564988962
1565037725
1565044786
1565264483
1565355545
1565367711
1565600492
1565639565
1565671938
1565683534
1565741041
1565828578
1565845318
1565979295
1566054936
1566206756
1566211601
1566223775
1566266970
1566425638
1566472174
1566496511
1566771949
1566917047
1567064098
1567398472
1567399487
1567592079
1567659047
1567665859
1567956495
1567957579
1568020076
1568439057
1568505888
1568791647
1568794954
1568845105
1568971610
1569056584
1569130932
1569160750
1569466131
1569521748
1569755218
1569800816
1569883308
1569905050
1569968080
1569979851
1570088130
1570094249
1570095481
1570144628
1570277616
1570312914
1570595165
1570596543
1570695066
1570764990
1570840987
1570846618
1570872415
1571113081
1571158839
1571194279
1571231239
1571355127
1571387103
1572194984
1572254303
1572272690
1572302975
1572504441
1572534605
1572881394
1573094876
1573106613
1573246329
1573483082
1573560247
1573764804
1573961841
1574039703
1574073847
1574212876
1574214154
1574345560
1574348384
1574395049
1574561959
1574802514
1574921410
1575271882
1575280600
1575369669
1575781546
1575781850
1575788216
1575957255
1576234209
1576242501
1576261335
1576266622
1576479306
1576594336
1576751076
1577126250
1577258582
1577388393
1577437580
1577457100
1577471264
1577556965
1577591053
1577594187
1577613725
1577864998
1578184140
1578324041
1578553566
1578773459
1578892272
1578894335
1579040306
1579115892
1579178174
1579225151
1579243596
1579337298
1579387495
1579686082
1579910767
1580062226
1580268556
1580321102
1580618146
1580622882
1580768498
1580881826
1581019716
1581058922
1581271335
1581629052
1581657725
1581702988
1581833115
1582110322
1582274290
1582650283
1582707526
1582724505
1582758729
1582863762
1582896877
1583019312
1583132133
1583475268
1583477373
1583512254
1583541710
1583572945
1583578328
1583631585
1583657464
1583753440
1583994242
1584422714
1584474367
1584500273
1584821478
1584838476
1584931417
1584947419
1585058146
1585204338
1585222448
1585243541
1585424238
1585499926
1585672146
1586045148
1586061509
1586197367
1586269186
1586356644
1586365658
1586465496
1586819866
1586851259
1586909557
1587142091
1587241387
1587372178
1587489290
1587633508
1587763116
1587816694
1588156154
1588413966
1588597318
1588629355
1588844898
1589095898
1589146097
1589219026
1589680591
1589852930
1589860985
1589986805
1590573834
1590614804
1590853667
1591059670
1591061644
1591095413
1591145073
1591161555
1591270391
1591461032
1591653048
1592149529
1592160743
1592641611
1592745290
1592823205
1592937873
1592984136
1593424985
1593500631
1593559027
1593883196
1593884827
1593891505
1593908027
1594136842
1594354109
1594627983
1594927287
1595101644
1595160782
1595408601
1595590107
1595743531
1595790242
1595963582
1596335407
1596355978
1596503345
1596647855
1596677714
1596728253
1596797915
1596999039
1597678826
1597702620
1597761181
1597828386
1598101482
1598182546
1598361122
1598631098
1599159160
1599324092
1599913880
1600349730
1601098858
1601297351
1601531428
1601579501
1601656415
1601709306
1601866558
1602375193
1602425414
1602541473
1602714963
1602740285
1602872827
1602945832
1603011962
1603151366
1603292451
1603436014
1603626619
1603639502
1603749412
1603886111
1603886253
1604218333
1604296764
1604302637
1604634359
1604639203
1605012492
1605251516
1605331983
1605839778
1605853887
1606000644
1606269525
1606449047
1606458533
1606755598
1606814393
1606918193
1607034751
1607168144
1607369690
1607915033
1608230191
1608245365
1608813794
1608943658
1608992748
1609316154
1609466357
1609536155
1609700246
1609730284
1609986124
1610267100
1610338687
1610392666
1610409032
1610545976
1610651994
1610749444
1610798045
1611216298
1611233412
1611250082
1611250417
1611359699
1611635922
1611767434
1611896385
1612090432
1612131897
1612260329
1612281974
1612424182
1612459752
1612460883
1612506139
1612693094
1612863912
1612875889
1613099061
1613369714
1613459129
1613604937
1613697151
1614159322
1614253637
1614417880
1614825110
1615086704
1615302287
1615568034
1615572590
1615631282
1615637188
1615637724
1616305774
1616519878
1616570931
1616682405
1616706265
1616921526
1617223682
1617276298
1617328146
1617461155
1617557824
1617688104
1618050230
1618084297
1618322737
1618595295
1618796184
1619150098
1620223164
1620255455
1620275436
1620393620
1620482294
1620562792
1620971837
1621075170
1621097400
1621461140
1621748407
1621757273
1621915721
1621942226
1621946084
1622070205
1622188815
1622316426
1622433434
1622827098
1623197303
1623845411
1623855270
1623883114
1624394879
1624411476
1624946521
1625564508
1625787103
1626162594
1627113682
1627291687
1627340929
1627341228
1627526461
1627638588
1627920305
1628160941
1628384752
1628418723
1628665244
1628914491
1628964677
1629167542
1630308420
1630345033
1630490097
1631203738
1631949010
1632851388
1633466477
1633676383
1634245965
1634676914
1634842284
1635211340
1635218132
1635374692
1635418897
1635615050
1635682479
1637206063
1637499340
1637803173
1638184428
1638381420
1638918169
1639553145
1639561921
1639583092
1639798300
1640115578
1640156422
1641366743
1641390413
1641568639
1641587501
1641743797
1641771092
1641793066
1642995848
1643163707
1643187634
1643929715
1643946763
1643974551
1644763186
1644877775
1645380849
1645875903
1645921498
1645926587
1646152812
1647864371
1647910854
1650407051
1653828446
1662012550
1663637776
1663877777
1665246294
1669475099
1671806146
1675375857
1676136883
1676848819
1676944102
1680973220
1683802600
1685965731
1687559061
1687840766
1689453293
1693833707
1694274917
1694396715
1694809413
1697578933
1698291272
1699264360
1700725168
1703097872
1709404690
1710468290
1711621684
1711806955
1711895131
1711980317
1712586856
1718949350
1719924099
1721899245
1722322146
1722322527
1723959859
1725552152
1726296256
1726776253
1727160047
1731012409
1734698162
1735161262
1739807599
1748200085
1750306960
1751526223
1752306530
1756594491
1758159770
1758215852
1758855019
1761068038
1761921741
1762360061
1764772407
1766534350
1768142913
1768893342
1769995221
1770785282
1772364927
1773571032
1774988861
1776337638
1778041321
1778194606
1778555556
1779147139
1781852418
1784316646
1786850280
1787806775
1788477287
1792810626
1796008631
1799759174
1801631330
1802237163
1809887548
1810641049
1811827000
1812808541
1813817714
1813907151
1814353726
1827974255
1828258994
1828259705
1829052946
