1042368254
1278815517
1643974551
354668519
394775318
1135137367
1532976305
1643745036
1650340709
1367210511
1771047001
1818132861
497227384
1448210981
1526697745
1438054347
1527609854
1087110764
1150510297
1591653048
1043699613
1792968620
1744386875
1788235375
1517954480
1817383627
1192761536
290783428
582272991
790487079
1378040733
1523722173
1723959859
1034354283
1709741912
1315130618
1373812661
1795759900
1345682353
121493675
137254859
1418960261
1460600818
1826601671
152249110
1508098400
1535403320
498130432
1346207297
1322200189
1713550839
201671138
1485351658
917453719
1498802610
1447286743
1291423644
1367201919
173001861
1487513861
1832747931
620967489
1469168641
1483289230
306390087
1480262657
360084272
329875043
1505698509
1532956108
703889772
1517651197
880837011
1502871393
1780888125
1447684472
1731755953
409287913
998568017
1664983297
1570045623
278981407
1605253822
1731256857
1047335260
1521578868
1092361338
906218859
1646101002
1707217868
1555922064
965818306
1615637724
1028908750
1532894981
1440833267
1232428553
1566966691
1559564016
325404506
1435183458
987967575
1220546899
1074507850
1451897026
1744976367
1177068388
596047499
1237931798
1346054199
1089022756
1719657632
1795483480
1042361179
1603011962
1012570406
1691599042
1758855019
1241386674
1473872585
1530051787
1553279283
934820588
1726674707
1464240720
1194755213
1535384390
1662990704
1825485084
214089682
1631738803
1719806072
1057255460
1613459129
1582927283
260537420
1073226719
1259438987
1728723635
809264944
1617887885
1145089790
1368888880
1676846015
1412142989
1468013270
261735167
1553199104
1818852726
1379959217
1510240831
1829911900
1439252196
1532816291
1477524410
1754592060
1520403988
1733135157
917918570
1400828889
1738121304
1184022695
1501881754
1813180252
1266577963
1618050230
1464919521
1430295246
1673590083
1062418176
1135332109
1200361736
1750591415
1341478446
437299706
1708072320
1496265971
1033048640
1667930013
1687030281
77001367
1335814741
1347973549
1469394914
1519456164
1537788786
1435516849
1576594336
1697425543
1050462261
1190981360
1798209377
1721921086
275699983
1817225413
1545433056
1545953110
1822867941
1614354774
1766382649
1829831499
1449884495
960902903
1462192400
1344999619
1768651631
1821548496
965293227
1820962809
152016440
294055449
201853034
98746009
1523090326
1808700817
1450994021
1534370789
1480311435
1811762116
1564530722
135067274
1730358737
1535809341
1507839530
1702258458
1138942145
1433966613
1222114325
1539568321
1608813794
1503226625
1492492083
1525807626
1536352412
1794450472
1268527882
1761444284
1583132133
1448151398
1513421081
1779813806
1526080983
1596167670
121493804
1291579828
1735006441
1570380458
1232009882
1056200096
1548604447
