1494089648
1509503273
1510609438
1511298028
1512965970
1517462221
1542395569
1543187136
1551605336
1552757588
1552843645
1554539216
1555956294
1556630636
1557085576
1559236411
1560986347
1562897801
1563015105
1564944903
1566074178
1570947398
1571068924
1572363880
1572837866
1573148516
1577543717
1580909467
1580934577
1581429106
1585046899
1586343959
1588277526
1589020466
1594597478
1596545598
1596627119
1597236482
1600647195
1604220532
1605499821
1606404877
1606578695
1609402199
1611782160
1611980818
1612440256
1613800336
1614685783
1615119708
1616871487
1618582943
1623453975
1623924837
1626439570
1627195541
1627281473
1630479597
1633922463
1638971181
1641039470
1643355718
1643970283
1647315202
1650154108
1651112246
1654586110
1654612408
1655466617
1659217804
1664795652
1667129520
1667488252
1670806669
1674280072
1677055831
1679447087
1683183353
1692481312
1694179035
1695758770
1698889309
1700310139
1703507488
1709982560
1721381442
1721912767
1722546879
1723887005
1727156756
1734441650
1738556475
1738804983
1740816798
1741785044
1742400157
1745539968
1746385652
1749098999
1750797362
1752007661
1755004830
1760805699
1762247992
1762293757
1764829848
1765260415
1766554984
1772607896
1773600621
1773792539
1774273659
1774624884
1775260193
1777877267
1779961557
1783525321
1785579797
1785580920
1785586023
1791907702
1792663388
1795915589
1796003274
1797797822
1798775599
1799476284
1799620733
1799727014
1799771411
1799819157
1800794309
1800978972
1801569766
1801858332
1802611811
1802667360
1803097658
1803434040
1803592702
1803673739
1804555586
1805481659
1805519486
1806253127
1806385013
1806397993
1806602769
1807075575
1807216217
1807499269
1807945209
1808200518
1809437588
1809942433
1810079568
1810761227
1812061257
1812064920
1812118001
1812172768
1812317640
1812544729
1812691681
1812699179
1813138170
1813337638
1813427999
1813482556
1813602129
1813745815
1814026694
1814485956
1815386225
1815402109
1815660815
1815768401
1816172229
1816236101
1816640832
1816781746
1817122683
1817422059
1817480235
1817821740
1818125472
1819012573
1819182656
1819192989
1819193681
1819193762
1819199603
1819204390
1819206785
1819208567
1819209296
1819209340
1819211509
1819211680
1819212076
1819241740
1820338220
1820786827
1820808642
1820983657
1821135864
1821135945
1821136755
1821138951
1821141317
1821385399
1821387838
1821390005
1821753840
1821768880
1821813195
1821813933
1822325879
1822396286
1822435930
1822528513
1823059216
1823194090
1823319145
1823486104
1823786264
1823817845
1823967218
1824238340
1824277761
1824359733
1824464376
1824480125
1824545538
1824616737
1824719454
1824797764
1824833745
1824834023
1824870771
1824929253
1824966892
1824975018
1825050842
1825073036
1825090622
1825107461
1825121465
1825139060
1825273647
1825370928
1825437924
1825839621
1825859304
1825871977
1825890570
1825923401
1825994502
1826014409
1826069599
1826151641
1826230977
1826231255
1826322056
1826339616
1826363259
1826404109
1826433035
1826433648
1826434872
1826436573
1826460297
1826498926
1826601270
1826623843
1826683838
1826702115
1826824318
1826859950
1826871064
1826894780
1827079838
1827231649
1827231982
1827379998
1827386594
1827463084
1827699353
1827717389
1827832039
1827914795
1827945908
1827956357
1828000284
1828024107
1828177432
1828182940
1828243186
1828249441
1828387844
1828431763
1828487104
1828507750
1828549268
1828609243
1828635857
1828826945
1828924379
1828953467
1829031430
1829148620
1829156838
1829167368
