1441597797
1494089648
1509503273
1510609438
1511298028
1512965970
1517462221
1518113908
1525812195
1529086811
1539628720
1542395569
1543187136
1551605336
1552757588
1552843645
1554539216
1555956294
1556630636
1557085576
1559236411
1560986347
1562897801
1563015105
1564741069
1564944903
1566074178
1566344411
1566739291
1567672617
1570947398
1571043890
1571068924
1571229384
1571273688
1572290101
1572363880
1572837866
1573148516
1573542113
1574326060
1575662219
1577543717
1580909467
1580934577
1581429106
1582119487
1582305359
1583142842
1583584206
1585046899
1586153512
1586343959
1587839167
1588277526
1588421687
1589020466
1594597478
1595140433
1595769124
1596545598
1596627119
1597236482
1597301728
1598151896
1600647195
1600841721
1601113586
1601485926
1604220532
1605499821
1605924354
1606311397
1606404877
1606416621
1606578695
1607632859
1609402199
1609883625
1610327379
1611782160
1611980818
1612440256
1613049552
1613800336
1614685783
1615119708
1616871487
1618371319
1618582943
1623453975
1623924837
1625866334
1626090164
1626439570
1627195541
1627281473
1630479597
1633922463
1638971181
1641039470
1642447096
1643355718
1643970283
1646997122
1647315202
1650154108
1650247755
1651112246
1654586110
1654612408
1655466617
1659217804
1662090402
1664795652
1667129520
1667488252
1669070050
1669620713
1670806669
1672706620
1674280072
1677055831
1677374248
1677949629
1679447087
1681481681
1683140659
1683183353
1684393675
1688847867
1690121604
1690471137
1692481312
1694179035
1695758770
1698175151
1698889309
1700310139
1703507488
1709037101
1709285151
1709982560
1711566849
1711971830
1713435435
1721381442
1721912767
1722546879
1723059173
1723750504
1723887005
1727156756
1734441650
1738556475
1738700479
1738804983
1740816798
1741718241
1741785044
1742400157
1745539968
1746385652
1747764447
1749098999
1749207427
1750434819
1750797362
1752007661
1755004830
1757224841
1757808956
1758085156
1760805699
1760994588
1761202090
1762247992
1762293757
1763105660
1764829848
1764928524
1765260415
1766554984
1767621009
1769727513
1771018078
1772607896
1772751324
1772813259
1773291733
1773600621
1773792539
1774273659
1774624884
1775260193
1776042041
1777877267
1778360884
1778966730
1779961557
1782112202
1782846555
1783525321
1785579797
1785580920
1785586023
1785997350
1791135886
1791180308
1791318688
1791440300
1791678386
1791907702
1792051600
1792663388
1792711425
1792730583
1793403625
1793463826
1793916924
1794405628
1795248473
1795424679
1795915589
1796003274
1796696150
1797308458
1797579649
1797623408
1797735830
1797745858
1797781172
1797797822
1797970554
1798206980
1798424301
1798739218
1798751473
1798775599
1798903692
1799054945
1799231762
1799455396
1799476284
1799532485
1799558107
1799620733
1799701233
1799727014
1799729110
1799750375
1799771411
1799782972
1799812761
1799819157
1799932922
1799994491
1799994726
1800041719
1800201353
1800490745
1800568013
1800616702
1800667118
1800794309
1800797140
1800941429
1800978972
1801073765
1801249326
1801327231
1801569766
1801578528
1801617607
1801781995
1801809059
1801858332
1801988880
1802269956
1802442017
1802470629
1802611811
1802667360
1802719820
1802808408
1802898173
1802916495
1802999197
1803013983
1803043914
1803069866
1803097658
1803101216
1803101708
1803102784
1803103034
1803103756
1803104042
1803105073
1803108338
1803111092
1803111796
1803114460
1803114965
1803118840
1803269328
1803413326
1803434040
1803585992
1803592702
1803673739
1803719447
1804039285
1804086253
1804165399
1804176080
1804377020
1804454454
1804555586
1804627504
1804747879
1804806034
1804994965
1805039086
1805172892
1805184275
1805340402
1805481659
1805482013
1805519486
1805595899
1805704198
1805868873
1805896542
1805932389
1805987175
1806186122
1806235787
1806237158
1806253127
1806342385
1806385013
1806397993
1806602769
1806842510
1806980602
1807075575
1807102409
1807103735
1807166588
1807216217
1807315234
1807375408
1807451214
1807478512
1807499269
1807507383
1807519558
1807555502
1807626129
1807945209
1808033320
1808057812
1808200518
1808208374
1808306676
1808315023
1808352315
1808759379
1808969566
1808987325
1809037453
1809152397
1809348739
1809382008
1809396753
1809437588
1809443525
1809880812
1809942433
1810079568
1810134339
1810208539
1810247130
1810351716
1810455493
1810465240
1810505948
1810638695
1810662202
1810761227
1810789281
1810918910
1810993304
1811009493
1811138082
1811227576
1811461497
1811589146
1811618212
1811767049
1811809286
1811814216
1811881217
1811977812
1812035963
1812061257
1812064920
1812076501
1812106603
1812118001
1812172768
1812181239
1812224899
1812292057
1812307552
1812317640
1812544729
1812599455
1812644811
1812657208
1812691681
1812699179
1813138170
1813180252
1813226449
1813331232
1813337638
1813427999
1813440847
1813482556
1813602129
1813699625
1813727085
1813745815
1813918006
1813975373
1814026694
1814105407
1814462518
1814485956
1814612260
1814717239
1814855341
1815075971
1815134099
1815147247
1815156317
1815356929
1815386225
1815402109
1815475151
1815495736
1815660815
1815757410
1815767739
1815768401
1815846181
1815887319
1815905850
1815938542
1816172229
1816236101
1816264126
1816359135
1816490958
1816640832
1816757472
1816781746
1816827210
1816852018
1816870410
1816897982
1816995412
1817066026
1817122683
1817133961
1817249746
1817296881
1817367206
1817405170
1817414715
1817422059
1817480235
1817594211
1817645818
1817808628
1817821740
1818056193
1818094158
1818125472
1818129814
1818131135
1818132773
1818142336
1818178575
1818408269
1818428900
1818434263
1818474695
1818505295
1818818059
1818821993
1819012573
1819182656
1819192989
1819193681
1819193762
1819199603
1819204390
1819206785
1819208567
1819209296
1819209340
1819211509
1819211680
1819212076
1819241740
1819247708
1819334104
1819414255
1819525264
1819750313
1819846594
1820080267
1820137911
1820189555
1820221162
1820323601
1820327478
1820335752
1820338220
1820369712
1820471552
1820477277
1820480776
1820674945
1820681133
1820685309
1820755104
1820759866
1820780039
1820786827
1820798422
1820808642
1820877435
1820894602
1820896405
1820949724
1820983657
1820985856
1820995106
1821017041
1821017740
1821026840
1821105809
1821105817
1821134265
1821135864
1821135945
1821136755
1821138951
1821141317
1821206794
1821238906
1821252858
1821256149
1821278358
1821376327
1821385399
1821387838
1821388798
1821390005
1821405005
1821405194
1821484351
1821489385
1821530299
1821587209
1821611049
1821647570
1821682350
1821686012
1821706362
1821727505
1821747967
1821751651
1821753840
1821768880
1821810523
1821810686
1821810862
1821811440
1821813147
1821813195
1821813339
1821813718
1821813933
1821814063
1821814103
1821834254
1821838679
1822049964
1822099753
1822140139
1822142909
1822143201
1822177340
1822179095
1822235032
1822325879
1822352991
1822396286
1822432432
1822435930
1822499734
1822528513
1822563347
1822576944
1822591950
1822594182
1822632288
1822759258
1822817627
1822822505
1822845522
1822876395
1823004211
1823059216
1823066095
1823118282
1823179309
1823194090
1823197084
1823252850
1823315684
1823319145
1823399179
1823461577
1823473755
1823486104
1823510470
1823510929
1823568907
1823568931
1823596773
1823629832
1823678926
1823786264
1823817845
1823822726
1823833859
1823840990
1823912083
1823949547
1823967218
1823990053
1824012256
1824017211
1824038187
1824043879
1824058321
1824095191
1824105551
1824107768
1824123974
1824133078
1824173770
1824175188
1824209212
1824231834
1824238340
1824248140
1824277761
1824281351
1824299168
1824302059
1824322109
1824326590
1824328318
1824359733
1824369988
1824392797
1824398906
1824400885
1824409063
1824411292
1824420909
1824443313
1824462195
1824464376
1824468099
1824468884
1824473499
1824480125
1824505815
1824510791
1824513014
1824513774
1824525162
1824527624
1824528030
1824529042
1824531556
1824545538
1824556187
1824557490
1824566539
1824567958
1824569474
1824573146
1824574537
1824578963
1824583925
1824597652
1824598689
1824598731
1824598961
1824599732
1824616737
1824617206
1824618581
1824621289
1824624809
1824641874
1824649189
1824652781
1824658091
1824671815
1824685629
1824693149
1824708616
1824719454
1824729137
1824769073
1824788146
1824795336
1824796281
1824797764
1824826359
1824827652
1824833745
1824834023
1824840365
1824852012
1824853564
1824861030
1824870771
1824871092
1824872304
1824874673
1824876535
1824876793
1824877186
1824889940
1824923366
1824929253
1824947487
1824953106
1824955280
1824964289
1824964612
1824965413
1824966892
1824975018
1824979889
1824984115
1824987094
1824988033
1825002295
1825002407
1825007602
1825010615
1825016442
1825017376
1825018835
1825028322
1825035162
1825037195
1825046782
1825050842
1825052868
1825057762
1825063244
1825065778
1825066598
1825067689
1825068648
1825069279
1825073036
1825089487
1825090622
1825097850
1825105622
1825107461
1825113360
1825121465
1825133258
1825135586
1825139060
1825145077
1825148178
1825148539
1825150101
1825155638
1825156642
1825159658
1825177995
1825188953
1825190127
1825201502
1825201965
1825203181
1825207844
1825209224
1825209911
1825225603
1825228327
1825228915
1825235404
1825238765
1825241944
1825254436
1825254856
1825255011
1825255343
1825255367
1825256315
1825257784
1825266496
1825268003
1825273647
1825276891
1825278949
1825298567
1825310485
1825313613
1825333018
1825337727
1825337891
1825338307
1825344229
1825351339
1825368127
1825370928
1825398613
1825400946
1825405988
1825409426
1825417131
1825425030
1825437924
1825440618
1825461059
1825473928
1825481130
1825485084
1825490151
1825492393
1825504082
1825505859
1825507118
1825522424
1825555355
1825575019
1825581734
1825596476
1825606251
1825607263
1825615008
1825617400
1825621276
1825623141
1825624788
1825631262
1825636672
1825648995
1825662856
1825666182
1825668383
1825673226
1825680687
1825686368
1825688176
1825691731
1825714054
1825714986
1825732192
1825741912
1825742785
1825752710
1825761961
1825763562
1825772460
1825772709
1825772975
1825773458
1825817693
1825831621
1825839621
1825840212
1825843602
1825859304
1825871977
1825874577
1825876891
1825878779
1825879957
1825883899
1825885644
1825890570
1825895051
1825901171
1825913559
1825920649
1825922430
1825923401
1825925552
1825931490
1825933593
1825938189
1825983384
1825984137
1825990492
1825994502
1826001841
1826011915
1826014409
1826023822
1826069071
1826069599
1826074123
1826094584
1826112520
1826123551
1826127218
1826127702
1826130058
1826138619
1826151641
1826155087
1826157466
1826167410
1826169664
1826171003
1826175150
1826177860
1826189731
1826197633
1826204845
1826206982
1826210227
1826216568
1826230977
1826231255
1826231477
1826248721
1826254381
1826274740
1826278030
1826278987
1826279219
1826290159
1826298836
1826299774
1826302455
1826303807
1826308613
1826314495
1826321022
1826321335
1826322056
1826333420
1826339616
1826343994
1826363259
1826377168
1826388266
1826400055
1826401372
1826404109
1826415231
1826415630
1826416382
1826421546
1826423314
1826426318
1826428370
1826433035
1826433648
1826434872
1826436573
1826439200
1826448235
1826460297
1826467026
1826468000
1826468493
1826476468
1826498926
1826543626
1826543637
1826546061
1826549507
1826554927
1826574869
1826576829
1826577216
1826578192
1826581236
1826582757
1826589278
1826594231
1826600389
1826601270
1826601671
1826602344
1826619494
1826623843
1826627139
1826633591
1826636542
1826642155
1826650432
1826650520
1826672021
1826682737
1826683838
1826702115
1826719183
1826725640
1826727550
1826733218
1826735189
1826737626
1826743806
1826752418
1826754483
1826759005
1826762729
1826777519
1826784341
1826799512
1826800833
1826801980
1826812691
1826817983
1826819513
1826820541
1826823792
1826824318
1826825981
1826832124
1826841318
1826846023
1826847910
1826856226
1826859950
1826865240
1826871064
1826878725
1826879454
1826883045
1826885263
1826885399
1826887931
1826894780
1826894982
1826903443
1826918072
1826918385
1826922589
1826936494
1826942550
1826948882
1826952905
1826952911
1826962100
1826964349
1826968029
1826974749
1826976254
1826992923
1826997076
1826998821
1827003367
1827006559
1827008803
1827016835
1827026737
1827033461
1827044959
1827046064
1827049939
1827052478
1827054353
1827067604
1827079838
1827093436
1827127698
1827129839
1827144050
1827148912
1827154046
1827159962
1827167720
1827170283
1827193268
1827205926
1827219378
1827231649
1827231982
1827241437
1827242967
1827245551
1827249255
1827250531
1827251346
1827257462
1827260516
1827260838
1827261405
1827263072
1827271641
1827272470
1827272857
1827292897
1827301847
1827311348
1827312729
1827334472
1827341560
1827342249
1827351894
1827352607
1827371983
1827373247
1827379998
1827386594
1827387064
1827408180
1827432207
1827435511
1827451035
1827456374
1827463084
1827465151
1827472221
1827473078
1827486904
1827500844
1827506313
1827509182
1827538426
1827538700
1827539498
1827549785
1827554545
1827562718
1827578680
1827581773
1827601502
1827611442
1827627676
1827662926
1827670090
1827674653
1827675016
1827682296
1827682810
1827693813
1827699353
1827701629
1827711721
1827717389
1827724386
1827724417
1827727783
1827734248
1827744385
1827746570
1827756262
1827758428
1827796830
1827797119
1827798638
1827808121
1827809097
1827823621
1827824398
1827831315
1827832039
1827834888
1827842918
1827844661
1827851071
1827854417
1827872969
1827887976
1827897139
1827897678
1827897999
1827909651
1827914795
1827918325
1827922257
1827931786
1827942630
1827943302
1827945908
1827947083
1827947727
1827956357
1827966668
1827969375
1827970841
1827972954
1827974255
1827977842
1827986706
1827992175
1827993183
1828000284
1828002366
1828004405
1828013928
1828014048
1828016374
1828023481
1828024107
1828038240
1828051619
1828052769
1828060631
1828061522
1828075438
1828088468
1828124219
1828125012
1828129847
1828142151
1828145624
1828147891
1828162143
1828163710
1828171048
1828177432
1828182940
1828183811
1828186390
1828188707
1828192802
1828210094
1828216114
1828221229
1828227811
1828239798
1828242678
1828243186
1828243710
1828249441
1828262584
1828268536
1828273789
1828282111
1828282759
1828325573
1828327912
1828376575
1828387844
1828397649
1828400702
1828403961
1828409745
1828415501
1828429973
1828431763
1828433718
1828433748
1828447845
1828451983
1828451994
1828452057
1828470952
1828472356
1828479232
1828487104
1828501478
1828507750
1828510819
1828511042
1828511459
1828511920
1828533955
1828537704
1828549268
1828589981
1828590155
1828590877
1828604111
1828609243
1828622701
1828624043
1828627142
1828633749
1828635857
1828644560
1828655429
1828658598
1828658700
1828666204
1828667556
1828673364
1828687428
1828705449
1828714136
1828732605
1828743364
1828751191
1828755995
1828758612
1828769612
1828786888
1828802846
1828826945
1828840193
1828855797
1828859290
1828860786
1828861202
1828873467
1828876667
1828894911
1828899532
1828904349
1828906091
1828906952
1828914185
1828924379
1828946787
1828953467
1828965186
1828975541
1828976557
1828995043
1828999563
1829005199
1829011348
1829011896
1829013958
1829018505
1829030740
1829031430
1829050559
1829069952
1829077186
1829100176
1829108085
1829112639
1829129794
1829138861
1829140786
1829148620
1829154887
1829156838
1829167368
1829172423
1829173222
1829175205
1829230570
1829237777
1829240872
1829246202
1829266423
1829276536
1829287404
1829291119
1829304153
1829305160
1829305684
1829312471
1829317320
1829323661
1829323923
1829329472
1829330676
1829336924
1829344250
1829345184
1829346912
1829355705
1829362070
1829371280
1829372718
1829374693
1829388647
1829397348
1829398924
1829401357
1829401679
1829403844
1829405204
1829409565
1829425640
1829426914
1829430895
1829431589
1829443162
1829449066
1829461861
1829461950
1829462383
1829464274
1829470275
1829478829
1829484819
1829492330
1829495821
1829496726
1829499340
1829502217
1829512383
1829512866
1829521493
1829523312
1829524570
1829524610
1829527278
1829535567
1829536961
1829542116
1829543874
1829544728
1829554884
1829554928
1829560384
1829564203
1829565197
1829573112
1829579653
1829591970
1829602182
1829620164
1829635394
1829641447
1829644671
1829653911
1829658377
1829660019
1829678131
1829688791
1829696718
1829704095
1829706127
1829706419
1829707167
1829711023
1829715970
1829718508
1829720450
1829722111
1829723751
1829726898
1829735521
1829739444
1829744775
1829751699
1829753542
1829760030
1829761168
1829764326
1829765760
1829783697
1829785732
1829793262
1829793986
1829795882
1829798766
1829802769
1829810188
1829817446
1829828908
1829831499
1829836629
1829839381
1829839398
1829852614
1829853567
1829865482
1829869272
1829879594
1829883416
1829887175
1829911900
1829913434
1829915873
1829916693
1829932429
1829937272
1829941206
1829944654
1829948387
1829951208
1829955107
1829963331
1829964363
1829970978
1829977985
1829984712
1830002794
1830004374
1830008701
1830009663
1830012718
1830015934
1830016914
1830018951
1830021860
1830023148
1830024258
1830030168
1830044882
1830045223
1830049794
1830051025
1830051884
1830061409
1830071361
1830072546
1830078790
1830096851
1830098658
1830104844
1830109620
1830112322
1830140040
1830141315
1830141388
1830143691
1830150710
1830161678
1830170369
1830174742
1830185614
1830197449
1830209828
1830213297
1830218154
1830231322
1830238732
1830247564
1830250510
1830250523
1830251969
1830261917
1830262255
1830265167
1830273624
1830274612
1830278397
1830288150
1830301329
1830305688
1830309722
1830315617
1830317216
1830318101
1830319941
1830321671
1830324239
1830326608
1830327567
1830330467
1830336024
1830342041
1830353937
1830355348
1830364377
1830377314
1830381321
1830382040
1830383982
1830389237
1830390714
1830391037
1830397896
1830398888
1830402067
1830423543
1830424451
1830436375
1830441777
1830447762
1830466879
1830470152
1830477750
1830484991
1830486593
1830494543
1830494870
1830498188
1830503490
1830507972
1830512014
1830519134
1830520168
1830522061
1830530855
1830534595
1830541189
1830547770
1830550628
1830554237
1830562526
1830563390
1830567650
1830572324
1830580988
1830582325
1830587833
1830590174
1830594973
1830601069
1830601178
1830602296
1830611031
1830617598
1830617643
1830618161
1830618304
1830625646
1830632228
1830639390
1830644123
1830656786
1830684405
1830687819
1830689895
1830701869
1830708583
1830709356
1830711451
1830711475
1830715999
1830719523
1830723456
1830748202
1830748601
1830748805
1830748822
1830749211
1830751212
1830753362
1830754383
1830754403
1830754823
1830755194
1830755524
1830755638
1830756492
1830757596
1830759181
1830767045
1830776478
1830781113
1830782988
1830793702
1830814590
1830851790
1830863156
1830863499
1830864522
1830869870
1830871278
1830872887
1830873662
1830874043
1830874144
1830876446
1830877173
1830877284
1830882040
1830883706
1830883883
1830884523
1830884527
1830885132
1830887367
1830894249
1830894362
1830895447
1830897641
1830902532
1830905312
1830908563
1830909454
1830912366
1830915011
1830917542
1830918704
1830920655
1830923735
1830924212
1830925507
1830948620
1830950144
1830956913
1830958485
1830977731
1830985854
1830991126
1830998592
1831003281
1831008824
1831013586
1831014723
1831022419
1831025123
1831026745
1831029151
1831034969
1831039304
1831043808
1831045113
1831046964
1831049544
1831051935
1831058002
1831064822
1831069029
1831088669
1831089666
1831101084
1831104515
1831109032
1831111559
1831111911
1831112194
1831117141
1831125266
1831127045
1831128161
1831128324
1831131815
1831134450
1831135355
1831135530
1831139965
1831152141
1831153953
1831155118
1831155671
1831162728
1831163601
1831173652
1831210413
1831223746
1831229174
1831247432
1831249309
1831254205
1831264426
1831267440
1831269965
1831274802
1831279174
1831287954
1831304055
1831308364
1831310518
1831326540
1831328659
1831333655
1831334222
1831342610
1831348666
1831351441
1831357566
1831364616
1831370532
1831375610
1831388386
1831390452
935049296
