1. 1494089648
2. 1509503273
3. 1510609438
4. 1511298028
5. 1512965970
6. 1517462221
7. 1542395569
8. 1543187136
9. 1551605336
10. 1552757588
11. 1552843645
12. 1554539216
13. 1555956294
14. 1556630636
15. 1557085576
16. 1559236411
17. 1560986347
18. 1562897801
19. 1563015105
20. 1564944903
21. 1566074178
22. 1570947398
23. 1571068924
24. 1572363880
25. 1572837866
26. 1573148516
27. 1577543717
28. 1580909467
29. 1580934577
30. 1581429106
31. 1585046899
32. 1586343959
33. 1588277526
34. 1589020466
35. 1594597478
36. 1596545598
37. 1596627119
38. 1597236482
39. 1600647195
40. 1604220532
41. 1605499821
42. 1606404877
43. 1606578695
44. 1609402199
45. 1611782160
46. 1611980818
47. 1612440256
48. 1613800336
49. 1614685783
50. 1615119708
51. 1616871487
52. 1618582943
53. 1623453975
54. 1623924837
55. 1626439570
56. 1627195541
57. 1627281473
58. 1630479597
59. 1633922463
60. 1638971181
61. 1641039470
62. 1643355718
63. 1643970283
64. 1647315202
65. 1650154108
66. 1651112246
67. 1654586110
68. 1654612408
69. 1655466617
70. 1659217804
71. 1664795652
72. 1667129520
73. 1667488252
74. 1670806669
75. 1674280072
76. 1677055831
77. 1679447087
78. 1683183353
79. 1692481312
80. 1694179035
81. 1695758770
82. 1698889309
83. 1700310139
84. 1703507488
85. 1709982560
86. 1721381442
87. 1721912767
88. 1722546879
89. 1723887005
90. 1727156756
91. 1734441650
92. 1738556475
93. 1738804983
94. 1740816798
95. 1741785044
96. 1742400157
97. 1745539968
98. 1746385652
99. 1749098999
100. 1750797362
101. 1752007661
102. 1755004830
103. 1760805699
104. 1762247992
105. 1762293757
106. 1764829848
107. 1765260415
108. 1766554984
109. 1772607896
110. 1773600621
111. 1773792539
112. 1774273659
113. 1774624884
114. 1775260193
115. 1777877267
116. 1779961557
117. 1783525321
118. 1785579797
119. 1785580920
120. 1785586023
121. 1791907702
122. 1792663388
123. 1795915589
124. 1796003274
125. 1797797822
126. 1798775599
127. 1799476284
128. 1799620733
129. 1799727014
130. 1799771411
131. 1799819157
132. 1800794309
133. 1800978972
134. 1801569766
135. 1801858332
136. 1802611811
137. 1802667360
138. 1803097658
139. 1803434040
140. 1803592702
141. 1803673739
142. 1804555586
143. 1805481659
144. 1805519486
145. 1806253127
146. 1806385013
147. 1806397993
148. 1806602769
149. 1807075575
150. 1807216217
151. 1807499269
152. 1807945209
153. 1808200518
154. 1809437588
155. 1809942433
156. 1810079568
157. 1810761227
158. 1812061257
159. 1812064920
160. 1812118001
161. 1812172768
162. 1812317640
163. 1812544729
164. 1812691681
165. 1812699179
166. 1813138170
167. 1813337638
168. 1813427999
169. 1813482556
170. 1813602129
171. 1813745815
172. 1814026694
173. 1814485956
174. 1815386225
175. 1815402109
176. 1815660815
177. 1815768401
178. 1816172229
179. 1816236101
180. 1816640832
181. 1816781746
182. 1817122683
183. 1817422059
184. 1817480235
185. 1817821740
186. 1818125472
187. 1819012573
188. 1819182656
189. 1819192989
190. 1819193681
191. 1819193762
192. 1819199603
193. 1819204390
194. 1819206785
195. 1819208567
196. 1819209296
197. 1819209340
198. 1819211509
199. 1819211680
200. 1819212076
201. 1819241740
202. 1820338220
203. 1820786827
204. 1820808642
205. 1820983657
206. 1821135864
207. 1821135945
208. 1821136755
209. 1821138951
210. 1821141317
211. 1821385399
212. 1821387838
213. 1821390005
214. 1821753840
215. 1821768880
216. 1821813195
217. 1821813933
218. 1822325879
219. 1822396286
220. 1822435930
221. 1822528513
222. 1823059216
223. 1823194090
224. 1823319145
225. 1823486104
226. 1823786264
227. 1823817845
228. 1823967218
229. 1824238340
230. 1824277761
231. 1824359733
232. 1824464376
233. 1824480125
234. 1824545538
235. 1824616737
236. 1824719454
237. 1824797764
238. 1824833745
239. 1824834023
240. 1824870771
241. 1824929253
242. 1824966892
243. 1824975018
244. 1825050842
245. 1825073036
246. 1825090622
247. 1825107461
248. 1825121465
249. 1825139060
250. 1825273647
251. 1825370928
252. 1825437924
253. 1825839621
254. 1825859304
255. 1825871977
256. 1825890570
257. 1825923401
258. 1825994502
259. 1826014409
260. 1826069599
261. 1826151641
262. 1826230977
263. 1826231255
264. 1826322056
265. 1826339616
266. 1826363259
267. 1826404109
268. 1826433035
269. 1826433648
270. 1826434872
271. 1826436573
272. 1826460297
273. 1826498926
274. 1826601270
275. 1826623843
276. 1826683838
277. 1826702115
278. 1826824318
279. 1826859950
280. 1826871064
281. 1826894780
282. 1827079838
283. 1827231649
284. 1827231982
285. 1827379998
286. 1827386594
287. 1827463084
288. 1827699353
289. 1827717389
290. 1827832039
291. 1827914795
292. 1827945908
293. 1827956357
294. 1828000284
295. 1828024107
296. 1828177432
297. 1828182940
298. 1828243186
299. 1828249441
300. 1828387844
301. 1828431763
302. 1828487104
303. 1828507750
304. 1828549268
305. 1828609243
306. 1828635857
307. 1828826945
308. 1828924379
309. 1828953467
310. 1829031430
311. 1829148620
312. 1829156838
313. 1829167368
