1200361736
1192761536
1719657632
1510240831
1222114325
1532976305
1750591415
917918570
1047335260
1460600818
1073226719
1447684472
121493675
1576594336
1761444284
98746009
1346207297
135067274
1730358737
1570380458
1708072320
1367210511
1469394914
1216346463
620967489
1473872585
1617887885
1050430296
1057255460
1794450472
152016440
1535384390
1538788132
1485351658
1503226625
1818418128
1810218232
1758855019
1291144720
1805502607
965293227
1438024613
73330715
1762898126
1266577963
1714879044
1607872071
1200016351
294055449
1798358255
1370507232
1259438987
209377688
1643307527
1774505095
1826391604
1316084734
1692806415
1495601614
1551206847
1498106610
1474849832
1570045623
1258635512
1367201919
1375568988
1126543994
1647085571
1743030473
1594471023
1314170606
394432287
74840240
1508202790
1748515625
1444873564
1495251160
1677452185
1462195742
1745797271
1752173500
1515399733
269169796
1539292794
1317481380
151230264
209991975
1507444393
1483692776
377785090
1663860720
1645614328
1494763610
1580828595
1493229344
73329771
454755642
928790786
1045171376
356157099
1506063411
1156592336
158004641
886009669
1763234285
1599294971
1577591053
1473747182
1547404042
1081967784
1551582052
121534955
929121341
1358381502
1652941051
1212380212
1725387804
597919007
1303660358
1777276736
1618445014
1382983397
1305908387
1669405956
1265845136
1052842770
1705897176
1449631195
1474001390
1112194905
1188724250
1436719991
152024419
402306412
74844126
1509826894
1800587704
1788738240
974299441
1150237453
1552124254
1382211376
1794683063
1386234384
1449762156
75462585
73802554
589864479
1611374685
1476928106
1704871055
1665219519
984987791
1438906889
1679657705
1452905037
1583657464
1633301179
1569056584
1790945720
1522960417
402050558
1484862164
1669610956
1804079765
91959525
1254049262
555332119
425179503
1314368109
1091709555
1355180130
268213039
1578096201
1473671727
971901464
218916008
1529346075
1830141388
1364113251
1440133626
1588401030
1756927202
83324702
1640311112
1202441485
1829512866
78911087
1097696129
1805280375
1612424182
1584730781
833706616
1097417804
1386375601
1811186932
1746352576
1490993194
1820996352
1280961263
1438449989
1820648828
296237493
1409693850
1517313007
1220579180
1654162813
1489505439
1827016835
326301337
1110804593
1551492441
1265276064
1497759481
1540585787
635045292
1253076699
1438340935
1453299864
1595408601
1487173754
1743028415
1620207758
1623855270
1100283492
1462703434
1464094232
1708293199
1728591628
1467297559
1812526379
1652580979
1825878779
73331636
1812469316
1810232961
1635446643
545045867
1799751008
1735688692
1787806775
1289384685
1072469956
1798238599
219258773
1561371265
1640531112
1805186512
1604255499
1062997995
